0 0.55546875 0.4703125 0.1 0.0765625
0 0.3640625 0.475 0.1015625 0.0734375
0 0.55546875 0.53671875 0.09765625 0.0671875
0 0.46328125 0.5390625 0.096875 0.0671875
0 0.36875 0.54140625 0.1015625 0.0671875
0 0.46015625 0.47265625 0.09921875 0.0734375
0 0.459375 0.396875 0.103125 0.0859375
0 0.55625 0.39765625 0.10234375 0.08203125
0 0.3625 0.39453125 0.10703125 0.096875
0 0.45234375 0.34609375 0.08671875 0.0109375
0 0.375 0.34609375 0.08125 0.0109375
0 0.3640625 0.35390625 0.10546875 0.01796875
0 0.53359375 0.346875 0.078125 0.01015625