0 0.6125 0.503125 0.13125 0.09921875
0 0.3640625 0.6015625 0.13671875 0.09453125
0 0.35234375 0.5171875 0.1359375 0.096875
0 0.60703125 0.40234375 0.14296875 0.11953125
0 0.3453125 0.415625 0.14609375 0.11796875
0 0.478125 0.40625 0.1421875 0.11953125
0 0.49140625 0.5984375 0.1265625 0.08515625
0 0.61328125 0.58828125 0.13203125 0.09296875
0 0.46484375 0.3375 0.1125 0.01640625
0 0.48046875 0.51171875 0.1453125 0.10546875
0 0.35859375 0.33984375 0.1140625 0.0140625
0 0.575 0.33828125 0.11796875 0.01875
0 0.46953125 0.34765625 0.11953125 0.015625
0 0.35078125 0.3484375 0.12109375 0.01796875