0 0.51953125 0.29765625 0.2046875 0.1578125
0 0.621875 0.37265625 0.1859375 0.146875
0 0.50546875 0.603125 0.2296875 0.203125
0 0.5140625 0.440625 0.178125 0.1390625
0 0.4125 0.35390625 0.1859375 0.15
0 0.61953125 0.53203125 0.1921875 0.1578125
0 0.71328125 0.4609375 0.2046875 0.165625
0 0.4 0.515625 0.2 0.1671875
0 0.31015625 0.44140625 0.2234375 0.2109375
0 0.6234375 0.6140625 0.0890625 0.0921875
0 0.71953125 0.5546875 0.1046875 0.109375
0 0.65546875 0.35078125 0.0984375 0.075
0 0.653125 0.56953125 0.1109375 0.10625
0 0.3578125 0.54609375 0.1109375 0.0921875