0 0.53359375 0.503125 0.10625 0.078125
0 0.3828125 0.40859375 0.09765625 0.0765625
0 0.38203125 0.54140625 0.103125 0.07421875
0 0.3125 0.42734375 0.09765625 0.08046875
0 0.459375 0.528125 0.09609375 0.07109375
0 0.50390625 0.44296875 0.1015625 0.07890625
0 0.4640625 0.38671875 0.11171875 0.0875
0 0.5453125 0.43046875 0.05390625 0.065625
0 0.3453125 0.48671875 0.09453125 0.0734375
0 0.5703125 0.41796875 0.0328125 0.05703125
0 0.42421875 0.46796875 0.0921875 0.0703125
0 0.57578125 0.4828125 0.0484375 0.06796875
0 0.5875 0.471875 0.034375 0.0515625