0 0.55859375 0.45625 0.10859375 0.09140625
0 0.57734375 0.57109375 0.10625 0.09453125
0 0.36328125 0.534375 0.146875 0.1125
0 0.5203125 0.6296875 0.1234375 0.1078125
0 0.41796875 0.4671875 0.1296875 0.09921875
0 0.44296875 0.58671875 0.1234375 0.10234375
0 0.2859375 0.540625 0.1375 0.09765625
0 0.346875 0.46015625 0.08046875 0.05703125
0 0.4359375 0.653125 0.0984375 0.0484375
0 0.503125 0.51796875 0.1078125 0.0875
0 0.6203125 0.5078125 0.109375 0.09921875
0 0.48046875 0.41484375 0.1171875 0.0984375
0 0.3703125 0.45234375 0.0953125 0.06796875
0 0.31171875 0.5125 0.0796875 0.06171875
0 0.3640625 0.61328125 0.12265625 0.059375
0 0.3109375 0.47109375 0.07109375 0.05078125
0 0.36796875 0.41875 0.06796875 0.04765625
0 0.39765625 0.64765625 0.078125 0.03984375
0 0.41796875 0.63515625 0.1890625 0.09140625
0 0.47109375 0.6484375 0.12890625 0.0703125
0 0.40390625 0.403125 0.0953125 0.0625