0 0.49765625 0.33359375 0.07109375 0.04453125
0 0.37578125 0.34140625 0.06875 0.04609375
0 0.3796875 0.38203125 0.06640625 0.04609375
0 0.50703125 0.3734375 0.06796875 0.046875
0 0.38671875 0.425 0.0703125 0.05234375
0 0.44453125 0.37890625 0.075 0.04921875
0 0.5140625 0.425 0.07109375 0.06796875
0 0.453125 0.42421875 0.07265625 0.05703125
0 0.39765625 0.47578125 0.0640625 0.0265625
0 0.51640625 0.4859375 0.05859375 0.021875
0 0.459375 0.4890625 0.059375 0.021875
0 0.51796875 0.46640625 0.0609375 0.025
0 0.4375 0.3359375 0.0671875 0.03828125