0 0.384375 0.41875 0.0625 0.0484375
0 0.3765625 0.384375 0.059375 0.0453125
0 0.4359375 0.415625 0.0578125 0.0453125
0 0.4828125 0.37578125 0.05625 0.04375
0 0.4734375 0.315625 0.0609375 0.028125
0 0.484375 0.4109375 0.0578125 0.046875
0 0.3578125 0.32421875 0.05625 0.0484375
0 0.44765625 0.29140625 0.059375 0.025
0 0.37421875 0.3421875 0.0703125 0.059375
0 0.37109375 0.325 0.0640625 0.03125
0 0.34296875 0.4015625 0.01875 0.040625
0 0.4796875 0.33828125 0.0609375 0.053125
0 0.36171875 0.30859375 0.0578125 0.0265625
0 0.409375 0.2921875 0.05 0.021875
0 0.4625 0.3015625 0.0578125 0.0234375
0 0.334375 0.35078125 0.015625 0.0359375
0 0.32890625 0.3140625 0.0203125 0.046875
0 0.428125 0.38046875 0.0609375 0.0484375
0 0.3515625 0.3109375 0.0640625 0.0578125
0 0.42734375 0.3390625 0.065625 0.0546875
0 0.35703125 0.29375 0.0578125 0.0234375
0 0.4140625 0.30546875 0.0578125 0.021875
0 0.33359375 0.3796875 0.01875 0.0421875