0 0.271875 0.4609375 0.1046875 0.0859375
0 0.25234375 0.51875 0.103125 0.090625
0 0.2421875 0.5875 0.134375 0.1078125
0 0.06328125 0.5453125 0.1109375 0.0921875
0 0.1453125 0.5640625 0.1109375 0.09375
0 0.1125 0.43046875 0.1015625 0.084375
0 0.16953125 0.5015625 0.1046875 0.0890625
0 0.0875 0.48515625 0.1046875 0.0859375
0 0.19140625 0.44375 0.1046875 0.0859375
0 0.33515625 0.578125 0.040625 0.065625
0 0.3515625 0.525 0.0453125 0.0703125
0 0.34140625 0.50703125 0.05 0.0765625
0 0.31796875 0.55703125 0.04375 0.071875
0 0.26875 0.61015625 0.1265625 0.1015625
0 0.31875 0.62734375 0.04375 0.0734375
0 0.30078125 0.61484375 0.046875 0.075
0 0.18984375 0.625 0.090625 0.0375
0 0.303125 0.53046875 0.053125 0.09375
0 0.09921875 0.5984375 0.09375 0.0390625