0 0.34609375 0.68046875 0.115625 0.0921875
0 0.3328125 0.6 0.12109375 0.09609375
0 0.4609375 0.6984375 0.12578125 0.09296875
0 0.58984375 0.62578125 0.1640625 0.12578125
0 0.62890625 0.4890625 0.15625 0.12890625
0 0.45078125 0.61171875 0.12734375 0.09765625
0 0.57734375 0.5265625 0.1890625 0.1578125
0 0.45078125 0.50546875 0.16953125 0.13046875
0 0.6609375 0.41484375 0.1390625 0.04140625
0 0.59609375 0.70390625 0.153125 0.11953125
0 0.5546875 0.409375 0.115625 0.03359375
0 0.40234375 0.42265625 0.1390625 0.0375
0 0.5125 0.4359375 0.134375 0.0390625
0 0.6796875 0.57109375 0.034375 0.09609375
0 0.33671875 0.5 0.16640625 0.13515625
0 0.4578125 0.40390625 0.121875 0.0328125
0 0.6625 0.4515625 0.1421875 0.11640625
0 0.7015625 0.59765625 0.02578125 0.096875
0 0.68125 0.64375 0.0265625 0.0921875
0 0.71484375 0.453125 0.034375 0.1046875
0 0.66015625 0.69609375 0.0328125 0.11015625
0 0.7078125 0.528125 0.02734375 0.08671875