0 0.3078125 0.6828125 0.1328125 0.1171875
0 0.2390625 0.68125 0.1125 0.1046875
0 0.52890625 0.6515625 0.065625 0.09375
0 0.4046875 0.6859375 0.1671875 0.13125
0 0.55625 0.5890625 0.0515625 0.08125
0 0.2953125 0.5375 0.1046875 0.08125
0 0.44609375 0.6109375 0.146875 0.1125
0 0.46953125 0.7171875 0.1390625 0.1125
0 0.25703125 0.60625 0.09375 0.0875
0 0.38359375 0.534375 0.1046875 0.0796875
0 0.58125 0.61953125 0.0421875 0.075
0 0.528125 0.7375 0.1421875 0.1140625
0 0.5234375 0.56015625 0.071875 0.1015625
0 0.5609375 0.74296875 0.071875 0.103125
0 0.4703125 0.54296875 0.1171875 0.0921875
0 0.5734375 0.675 0.053125 0.0859375
0 0.25390625 0.721875 0.121875 0.03125
0 0.484375 0.61875 0.0796875 0.1046875
0 0.3390625 0.59453125 0.0765625 0.0734375