0 0.39453125 0.7125 0.134375 0.1171875
0 0.36171875 0.6375 0.140625 0.121875
0 0.51015625 0.70234375 0.1453125 0.1203125
0 0.61796875 0.6 0.1890625 0.1625
0 0.62265625 0.4578125 0.1828125 0.1625
0 0.47890625 0.6203125 0.146875 0.125
0 0.58125 0.50703125 0.221875 0.1984375
0 0.45390625 0.5171875 0.1953125 0.1671875
0 0.6359375 0.378125 0.1453125 0.0734375
0 0.6421875 0.67421875 0.178125 0.153125
0 0.53125 0.39921875 0.1203125 0.0609375
0 0.38671875 0.4484375 0.14375 0.0703125
0 0.496875 0.43515625 0.1390625 0.0703125
0 0.69140625 0.52578125 0.05625 0.1015625
0 0.34140625 0.53984375 0.19375 0.171875
0 0.4359375 0.4171875 0.1265625 0.0609375
0 0.64609375 0.4140625 0.165625 0.146875
0 0.71953125 0.54609375 0.0484375 0.1
0 0.7109375 0.5953125 0.0484375 0.0953125
0 0.696875 0.40234375 0.059375 0.109375
0 0.703125 0.6515625 0.0578125 0.1140625
0 0.70859375 0.47734375 0.046875 0.090625