0 0.49609375 0.6109375 0.1078125 0.09375
0 0.55 0.44453125 0.10625 0.0921875
0 0.4609375 0.45625 0.1140625 0.0921875
0 0.3609375 0.4734375 0.1296875 0.1
0 0.39921875 0.6296875 0.1203125 0.1015625
0 0.36640625 0.55546875 0.134375 0.1
0 0.2734375 0.48515625 0.05 0.0796875
0 0.58046875 0.5890625 0.1046875 0.090625
0 0.56640625 0.5171875 0.0984375 0.090625
0 0.25078125 0.48828125 0.04375 0.075
0 0.32109375 0.63203125 0.0703125 0.0953125
0 0.47421875 0.534375 0.109375 0.09375
0 0.29296875 0.5578125 0.0421875 0.0796875
0 0.27265625 0.55703125 0.0390625 0.0734375
0 0.2984375 0.48046875 0.0546875 0.0859375
0 0.2890625 0.61875 0.0390625 0.0734375
0 0.30625 0.62578125 0.04375 0.078125