0 0.596875 0.66171875 0.1078125 0.10625
0 0.61484375 0.5796875 0.1078125 0.1078125
0 0.57421875 0.74453125 0.1171875 0.1140625
0 0.478125 0.72734375 0.1328125 0.1203125
0 0.29453125 0.684375 0.0859375 0.1125
0 0.3203125 0.50859375 0.0625 0.0890625
0 0.2171875 0.66484375 0.06875 0.09375
0 0.371875 0.7 0.14375 0.1296875
0 0.29140625 0.5875 0.0703125 0.096875
0 0.43359375 0.521875 0.1328125 0.1203125
0 0.38203125 0.6015625 0.1703125 0.1265625
0 0.24921875 0.66875 0.078125 0.1015625
0 0.53125 0.5484375 0.115625 0.1046875
0 0.28046875 0.51640625 0.0640625 0.0828125
0 0.50390625 0.63515625 0.1203125 0.109375
0 0.24765625 0.5875 0.06875 0.090625
0 0.3609375 0.50859375 0.0796875 0.1046875
0 0.33125 0.5921875 0.075 0.1046875