0 0.6171875 0.790625 0.1296875 0.10546875
0 0.7734375 0.61171875 0.08671875 0.0984375
0 0.69765625 0.690625 0.1390625 0.1109375
0 0.75390625 0.79140625 0.16171875 0.11484375
0 0.84375 0.62734375 0.0734375 0.09453125
0 0.65 0.6 0.1546875 0.10703125
0 0.54375 0.61015625 0.0765625 0.09375
0 0.58203125 0.69609375 0.1109375 0.0984375
0 0.48671875 0.7 0.09765625 0.0953125
0 0.5015625 0.78515625 0.12265625 0.1078125
0 0.809375 0.70546875 0.05234375 0.09375
0 0.4796875 0.6234375 0.06640625 0.08125
0 0.8484375 0.71484375 0.0453125 0.08671875
0 0.8328125 0.79765625 0.0359375 0.09609375
0 0.69453125 0.6 0.1078125 0.103125
0 0.7640625 0.690625 0.06640625 0.10703125