0 0.51484375 0.3953125 0.09140625 0.0546875
0 0.44140625 0.3828125 0.0953125 0.05703125
0 0.58359375 0.4140625 0.0984375 0.059375
0 0.3734375 0.48203125 0.10625 0.09609375
0 0.5265625 0.51875 0.115625 0.096875
0 0.40546875 0.42109375 0.096875 0.05859375
0 0.56015625 0.46796875 0.096875 0.078125
0 0.5171875 0.59609375 0.0765625 0.04375
0 0.521875 0.5734375 0.09140625 0.05078125
0 0.37265625 0.5359375 0.07734375 0.04296875
0 0.446875 0.58046875 0.07265625 0.04375
0 0.44296875 0.55234375 0.0765625 0.040625
0 0.38046875 0.56328125 0.07421875 0.04375
0 0.4453125 0.50078125 0.1046875 0.08984375
0 0.48046875 0.440625 0.0890625 0.05625
0 0.58125 0.44453125 0.10234375 0.1203125