0 0.43125 0.31796875 0.0953125 0.08046875
0 0.521875 0.3046875 0.1046875 0.08125
0 0.41484375 0.38671875 0.0953125 0.078125
0 0.62109375 0.36484375 0.13125 0.09140625
0 0.63046875 0.29453125 0.1375 0.09609375
0 0.66328125 0.49296875 0.13359375 0.09375
0 0.50390625 0.46328125 0.1265625 0.10078125
0 0.509375 0.37890625 0.103125 0.08125
0 0.7078125 0.4140625 0.0375 0.08671875
0 0.61640625 0.45546875 0.14921875 0.1140625
0 0.4046875 0.4578125 0.10625 0.08515625
0 0.465625 0.5265625 0.10703125 0.025
0 0.55625 0.521875 0.1078125 0.03046875
0 0.72890625 0.51015625 0.04140625 0.08515625
0 0.678125 0.3765625 0.04453125 0.10625
0 0.7375 0.44375 0.0390625 0.0828125
0 0.71953125 0.340625 0.0421875 0.08984375
0 0.7421875 0.375 0.0375 0.08828125
0 0.6015625 0.54375 0.10703125 0.02265625
0 0.5125 0.54375 0.0984375 0.0234375
0 0.678125 0.54375 0.11953125 0.0265625
0 0.65546875 0.52265625 0.10859375 0.034375
0 0.42578125 0.503125 0.12421875 0.034375
0 0.684375 0.30859375 0.04453125 0.103125
0 0.70078125 0.48828125 0.04453125 0.0859375