0 0.49609375 0.309375 0.17734375 0.11875
0 0.609375 0.35703125 0.16484375 0.11015625
0 0.321875 0.446875 0.1859375 0.12890625
0 0.40625 0.3703125 0.16796875 0.11328125
0 0.5453125 0.58046875 0.2 0.1671875
0 0.5234375 0.43359375 0.16015625 0.10859375
0 0.64140625 0.50390625 0.1703125 0.1359375
0 0.71171875 0.4203125 0.17890625 0.12578125
0 0.42734375 0.5265625 0.17734375 0.1546875
0 0.528125 0.6703125 0.17734375 0.11875
0 0.2875 0.55625 0.103125 0.11640625
0 0.3890625 0.63515625 0.0953125 0.08046875
0 0.65703125 0.5828125 0.08359375 0.09296875
0 0.73828125 0.50703125 0.0890625 0.1015625
0 0.49140625 0.65546875 0.10234375 0.08203125
0 0.48203125 0.6828125 0.09921875 0.08671875
0 0.3875 0.596875 0.11171875 0.09765625
0 0.68046875 0.584375 0.13828125 0.15
0 0.7203125 0.54609375 0.0796875 0.090625
0 0.6484375 0.6109375 0.071875 0.08671875