0 0.56171875 0.29140625 0.175 0.1390625
0 0.4640625 0.484375 0.1796875 0.1625
0 0.47265625 0.34921875 0.1671875 0.13125
0 0.64453125 0.4734375 0.175 0.1609375
0 0.4328125 0.54765625 0.08125 0.096875
0 0.3890625 0.41953125 0.1765625 0.15
0 0.728125 0.4078125 0.1890625 0.175
0 0.546875 0.53828125 0.196875 0.178125
0 0.665625 0.53359375 0.115625 0.0875
0 0.740625 0.50546875 0.109375 0.084375
0 0.43828125 0.58046875 0.0796875 0.096875
0 0.65078125 0.33359375 0.1671875 0.13125
0 0.55703125 0.61640625 0.1765625 0.128125
0 0.75234375 0.4703125 0.121875 0.09375
0 0.36328125 0.50625 0.0875 0.125
0 0.584375 0.603125 0.115625 0.0921875
0 0.55 0.4 0.178125 0.14375
0 0.35 0.465625 0.084375 0.109375
0 0.50546875 0.63046875 0.0734375 0.0921875
0 0.6640625 0.56640625 0.109375 0.084375
0 0.6703125 0.50078125 0.125 0.0953125
0 0.5875 0.625 0.1109375 0.0859375
0 0.503125 0.6046875 0.078125 0.0953125
0 0.75703125 0.4390625 0.134375 0.103125