0 0.45546875 0.3515625 0.065625 0.053125
0 0.45859375 0.3140625 0.06875 0.0578125
0 0.55390625 0.4 0.0640625 0.0515625
0 0.45 0.38515625 0.065625 0.053125
0 0.509375 0.35625 0.065625 0.0546875
0 0.5078125 0.265625 0.0578125 0.03125
0 0.5578125 0.27265625 0.05625 0.03125
0 0.5140625 0.31796875 0.0671875 0.0578125
0 0.5609375 0.36484375 0.0625 0.053125
0 0.50234375 0.39296875 0.0640625 0.05
0 0.565625 0.32890625 0.0640625 0.0546875
0 0.459375 0.259375 0.059375 0.034375
0 0.46015625 0.28984375 0.0609375 0.0359375
0 0.46015625 0.2734375 0.0578125 0.0328125
0 0.56484375 0.29453125 0.0640625 0.0421875
0 0.5140625 0.28125 0.0578125 0.028125
0 0.5140625 0.29453125 0.0609375 0.03125