0 0.4578125 0.53359375 0.065625 0.05078125
0 0.38359375 0.44609375 0.06484375 0.05234375
0 0.32734375 0.4453125 0.06328125 0.05234375
0 0.340625 0.53515625 0.06875 0.05234375
0 0.459375 0.48828125 0.07109375 0.053125
0 0.334375 0.490625 0.06171875 0.04921875
0 0.44453125 0.44296875 0.065625 0.05390625
0 0.39453125 0.4921875 0.06484375 0.0515625
0 0.49453125 0.52578125 0.02578125 0.05078125
0 0.51484375 0.4671875 0.025 0.04921875
0 0.48671875 0.43515625 0.0375 0.05234375
0 0.5046875 0.425 0.0296875 0.0484375
0 0.4 0.5375 0.065625 0.0484375
0 0.52421875 0.5109375 0.02890625 0.04921875
0 0.5078125 0.52265625 0.0265625 0.05
0 0.50234375 0.47734375 0.0203125 0.04765625