0 0.65703125 0.4796875 0.1453125 0.09765625
0 0.51484375 0.38828125 0.13671875 0.08828125
0 0.37578125 0.4671875 0.1484375 0.09921875
0 0.646875 0.39453125 0.1375 0.0875
0 0.66015625 0.58828125 0.1609375 0.13984375
0 0.51484375 0.5765625 0.159375 0.11875
0 0.38515625 0.38359375 0.14140625 0.090625
0 0.36640625 0.5765625 0.16328125 0.13046875
0 0.61640625 0.67890625 0.146875 0.04921875
0 0.484375 0.690625 0.12265625 0.03046875
0 0.3609375 0.63515625 0.153125 0.0453125
0 0.50703125 0.6390625 0.1578125 0.0484375
0 0.51640625 0.47421875 0.1515625 0.10078125
0 0.49140625 0.66484375 0.13359375 0.03359375
0 0.36171875 0.684375 0.1234375 0.03125
0 0.5984375 0.69453125 0.134375 0.0359375
0 0.3578125 0.66171875 0.134375 0.03203125