0 0.53515625 0.4953125 0.1265625 0.1046875
0 0.53671875 0.66484375 0.11875 0.0921875
0 0.48671875 0.55859375 0.1328125 0.103125
0 0.62421875 0.52890625 0.1234375 0.0984375
0 0.6703125 0.63359375 0.115625 0.09375
0 0.45078125 0.63046875 0.1328125 0.1046875
0 0.7046875 0.56328125 0.121875 0.0984375
0 0.621875 0.6921875 0.1265625 0.096875
0 0.459375 0.46875 0.0625 0.071875
0 0.4359375 0.525 0.0421875 0.059375
0 0.44921875 0.5453125 0.0609375 0.08125
0 0.48046875 0.478125 0.0671875 0.0796875
0 0.4046875 0.61015625 0.0578125 0.090625
0 0.42265625 0.5046875 0.0375 0.0421875
0 0.58515625 0.596875 0.11875 0.1