0 0.59765625 0.51171875 0.11875 0.0953125
0 0.50859375 0.58203125 0.1296875 0.103125
0 0.62109375 0.66171875 0.128125 0.1046875
0 0.7109375 0.6625 0.13125 0.1109375
0 0.52421875 0.65859375 0.1375 0.11875
0 0.6859375 0.51796875 0.1234375 0.1
0 0.50703125 0.51171875 0.13125 0.1046875
0 0.43515625 0.54921875 0.046875 0.06875
0 0.6078125 0.584375 0.1171875 0.0953125
0 0.70390625 0.58671875 0.1265625 0.1015625
0 0.47265625 0.65703125 0.0515625 0.08125
0 0.4484375 0.525 0.040625 0.06875
0 0.44765625 0.6046875 0.0328125 0.053125
0 0.4640625 0.58359375 0.046875 0.078125
0 0.453125 0.634375 0.0640625 0.1125