0 0.59140625 0.6828125 0.15703125 0.109375
0 0.34296875 0.78046875 0.11953125 0.109375
0 0.3484375 0.684375 0.11171875 0.0953125
0 0.453125 0.78515625 0.12734375 0.11015625
0 0.58515625 0.78515625 0.15390625 0.11640625
0 0.46015625 0.59140625 0.1171875 0.09296875
0 0.5765625 0.5875 0.13125 0.1
0 0.35625 0.596875 0.11015625 0.0921875
0 0.459375 0.684375 0.12421875 0.10390625
0 0.6765625 0.60546875 0.0328125 0.0953125
0 0.696875 0.69453125 0.025 0.08203125
0 0.68046875 0.78515625 0.0296875 0.096875
0 0.696875 0.78359375 0.0265625 0.0921875
0 0.69609375 0.6234375 0.021875 0.08046875
0 0.675 0.6921875 0.02734375 0.09609375
0 0.646875 0.59296875 0.0390625 0.10546875
0 0.6640625 0.596875 0.0546875 0.109375