0 0.37734375 0.3828125 0.0640625 0.04921875
0 0.44453125 0.41796875 0.0625 0.05078125
0 0.32109375 0.38828125 0.06015625 0.046875
0 0.3328125 0.475 0.06328125 0.05
0 0.43359375 0.375 0.059375 0.05
0 0.32734375 0.43125 0.06171875 0.04921875
0 0.3859375 0.4265625 0.06171875 0.04921875
0 0.45078125 0.46328125 0.07265625 0.0546875
0 0.390625 0.47109375 0.06328125 0.05078125
0 0.4953125 0.43515625 0.0171875 0.04453125
0 0.4921875 0.39296875 0.01796875 0.0390625
0 0.48671875 0.465625 0.0296875 0.05234375
0 0.48203125 0.38046875 0.02578125 0.04765625