0 0.49453125 0.39453125 0.1 0.071875
0 0.4203125 0.39609375 0.1046875 0.0734375
0 0.565625 0.4 0.1078125 0.0765625
0 0.37265625 0.50625 0.121875 0.1140625
0 0.5296875 0.51328125 0.13125 0.1171875
0 0.3921875 0.440625 0.10625 0.0765625
0 0.553125 0.45703125 0.109375 0.0953125
0 0.53515625 0.59140625 0.0828125 0.0578125
0 0.53515625 0.56796875 0.1 0.0671875
0 0.38203125 0.559375 0.084375 0.05625
0 0.46328125 0.5890625 0.0796875 0.05625
0 0.45390625 0.5625 0.0828125 0.0546875
0 0.39453125 0.58515625 0.08125 0.0578125
0 0.44609375 0.5109375 0.1203125 0.1078125
0 0.46953125 0.4453125 0.0984375 0.071875
0 0.56953125 0.4296875 0.1234375 0.1375