0 0.35 0.5859375 0.10078125 0.06875
0 0.28359375 0.509375 0.10859375 0.084375
0 0.46171875 0.4328125 0.09453125 0.05546875
0 0.48671875 0.53046875 0.11328125 0.075
0 0.3359375 0.6390625 0.09765625 0.0625
0 0.25625 0.6125 0.0953125 0.06796875
0 0.51328125 0.49296875 0.1046875 0.065625
0 0.39765625 0.50234375 0.11484375 0.075
0 0.38515625 0.40625 0.1078125 0.05859375
0 0.41796875 0.65703125 0.10234375 0.065625
0 0.340625 0.43203125 0.1046875 0.0546875
0 0.26171875 0.5578125 0.09921875 0.07265625
0 0.4375 0.6203125 0.10078125 0.06875
0 0.37890625 0.53359375 0.10546875 0.075
0 0.46015625 0.57109375 0.1171875 0.08359375
0 0.53125 0.46328125 0.09765625 0.059375
0 0.4296875 0.4625 0.0984375 0.065625
0 0.3078125 0.46796875 0.1203125 0.07265625