0 0.47578125 0.69609375 0.09765625 0.084375
0 0.384375 0.6859375 0.09765625 0.08046875
0 0.4125 0.54140625 0.09921875 0.07734375
0 0.30859375 0.60546875 0.09375 0.07734375
0 0.32109375 0.53671875 0.096875 0.078125
0 0.29765625 0.6765625 0.0953125 0.08203125
0 0.50390625 0.5515625 0.1046875 0.08203125
0 0.4 0.61328125 0.09765625 0.078125
0 0.540625 0.621875 0.03359375 0.08046875
0 0.4921875 0.62421875 0.10078125 0.08125
0 0.56484375 0.61328125 0.03046875 0.07421875
0 0.534375 0.68671875 0.03359375 0.0828125
0 0.57265625 0.55 0.0265625 0.06796875
0 0.5671875 0.67109375 0.0203125 0.065625
0 0.55234375 0.68046875 0.025 0.07109375