0 0.3671875 0.5515625 0.10859375 0.07265625
0 0.52890625 0.51484375 0.10390625 0.065625
0 0.3890625 0.61171875 0.11015625 0.08359375
0 0.525 0.66171875 0.11640625 0.10078125
0 0.6046875 0.64140625 0.12109375 0.11484375
0 0.43046875 0.678125 0.1265625 0.11171875
0 0.58125 0.71796875 0.0875 0.04140625
0 0.50703125 0.734375 0.08046875 0.040625
0 0.48125 0.58984375 0.1046875 0.07109375
0 0.56640625 0.56328125 0.10390625 0.06953125
0 0.5984375 0.6921875 0.084375 0.04296875
0 0.434375 0.73828125 0.08828125 0.04765625
0 0.5171875 0.71328125 0.08203125 0.03359375
0 0.4484375 0.53046875 0.103125 0.065625
0 0.35703125 0.63671875 0.02890625 0.0703125
0 0.41953125 0.72578125 0.10546875 0.09765625
0 0.33671875 0.6015625 0.0484375 0.11953125
0 0.38125 0.72421875 0.03359375 0.08671875
0 0.61015625 0.66484375 0.09921875 0.0578125
0 0.42890625 0.75390625 0.0859375 0.03828125