0 0.6015625 0.79609375 0.134375 0.1125
0 0.7671875 0.62578125 0.0921875 0.103125
0 0.6875 0.70078125 0.1453125 0.11875
0 0.73828125 0.80390625 0.1671875 0.1234375
0 0.83671875 0.6453125 0.078125 0.0984375
0 0.64453125 0.6078125 0.159375 0.115625
0 0.53828125 0.6125 0.08125 0.096875
0 0.571875 0.7 0.115625 0.1046875
0 0.4765625 0.69921875 0.103125 0.1
0 0.48671875 0.78515625 0.128125 0.1140625
0 0.7984375 0.72109375 0.0578125 0.096875
0 0.4734375 0.621875 0.0703125 0.084375
0 0.83671875 0.7328125 0.05 0.0890625
0 0.81640625 0.81484375 0.040625 0.0984375
0 0.6890625 0.61015625 0.1125 0.109375
0 0.75390625 0.70390625 0.071875 0.1109375