0 0.53984375 0.584375 0.046875 0.040625
0 0.51796875 0.6171875 0.034375 0.0296875
0 0.53046875 0.6046875 0.0375 0.03125
0 0.49453125 0.60390625 0.0296875 0.025
0 0.51328125 0.571875 0.0421875 0.0375
0 0.55859375 0.56953125 0.0375 0.0265625
0 0.47890625 0.57578125 0.0296875 0.025
0 0.56875 0.559375 0.040625 0.028125
0 0.525 0.53359375 0.0359375 0.025
0 0.55 0.54453125 0.034375 0.0234375
0 0.5328125 0.55625 0.0328125 0.0234375
0 0.47421875 0.58984375 0.028125 0.0234375
0 0.50078125 0.590625 0.0296875 0.0265625
0 0.50703125 0.54296875 0.0359375 0.025
0 0.56484375 0.59453125 0.021875 0.0296875
0 0.49453125 0.553125 0.0390625 0.028125
0 0.57578125 0.57734375 0.021875 0.025
0 0.484375 0.56328125 0.03125 0.028125
0 0.56015625 0.5828125 0.03125 0.0296875
0 0.55 0.6078125 0.021875 0.028125
0 0.56953125 0.58984375 0.0203125 0.0265625
0 0.53359375 0.6171875 0.0390625 0.034375