0 0.5265625 0.51484375 0.090625 0.0734375
0 0.378125 0.596875 0.0953125 0.075
0 0.45078125 0.5265625 0.0953125 0.078125
0 0.434375 0.4609375 0.0984375 0.090625
0 0.5140625 0.45234375 0.1 0.0875
0 0.53359375 0.5703125 0.090625 0.0703125
0 0.353125 0.47109375 0.0984375 0.0921875
0 0.45625 0.58359375 0.090625 0.06875
0 0.371875 0.5390625 0.096875 0.075
0 0.4234375 0.42109375 0.0734375 0.0234375
0 0.3515625 0.43671875 0.0765625 0.025
0 0.50078125 0.41796875 0.078125 0.025
0 0.353125 0.428125 0.0703125 0.021875