0 0.4125 0.3578125 0.11796875 0.08046875
0 0.58828125 0.29921875 0.11015625 0.0734375
0 0.37265625 0.3015625 0.1140625 0.07734375
0 0.53984375 0.25 0.11484375 0.0765625
0 0.4546875 0.271875 0.1125 0.075
0 0.54921875 0.4 0.1203125 0.1
0 0.63125 0.428125 0.08125 0.04921875
0 0.471875 0.48671875 0.090625 0.05625
0 0.45703125 0.4265625 0.13359375 0.1109375
0 0.6234375 0.36875 0.12265625 0.10546875
0 0.553125 0.4546875 0.0796875 0.04765625
0 0.61796875 0.453125 0.0734375 0.04453125
0 0.54921875 0.47890625 0.071875 0.04296875
0 0.50234375 0.3296875 0.10859375 0.07265625
0 0.38125 0.39375 0.05859375 0.103125
0 0.3984375 0.434375 0.059375 0.096875
0 0.6375 0.40078125 0.0953125 0.0640625
0 0.35390625 0.365625 0.03984375 0.08046875
0 0.41953125 0.4671875 0.0359375 0.0640625
0 0.4796875 0.50078125 0.07734375 0.04375