0 0.65546875 0.471875 0.15 0.1046875
0 0.50859375 0.3875 0.140625 0.0953125
0 0.37421875 0.4734375 0.153125 0.10625
0 0.64140625 0.38671875 0.1421875 0.0953125
0 0.66484375 0.5796875 0.16875 0.1484375
0 0.51875 0.57578125 0.165625 0.1265625
0 0.37890625 0.38984375 0.1453125 0.0984375
0 0.3703125 0.58359375 0.1703125 0.1390625
0 0.62578125 0.67265625 0.15 0.05625
0 0.49453125 0.69140625 0.1234375 0.0375
0 0.36796875 0.6421875 0.1546875 0.053125
0 0.5140625 0.63828125 0.159375 0.05625
0 0.51484375 0.4734375 0.15625 0.1078125
0 0.5 0.66484375 0.1359375 0.040625
0 0.371875 0.69140625 0.125 0.0375
0 0.60859375 0.6890625 0.1359375 0.0421875
0 0.36640625 0.66875 0.1359375 0.0390625