0 0.40859375 0.4171875 0.084375 0.05625
0 0.51015625 0.4140625 0.1 0.0875
0 0.30390625 0.43203125 0.103125 0.0734375
0 0.4515625 0.37734375 0.0921875 0.05859375
0 0.50234375 0.5171875 0.04296875 0.05703125
0 0.31640625 0.5140625 0.05625 0.04296875
0 0.4734375 0.45234375 0.096875 0.0796875
0 0.359375 0.4625 0.0984375 0.07265625
0 0.39375 0.35703125 0.0953125 0.06015625
0 0.53828125 0.45 0.03828125 0.06015625
0 0.36875 0.53828125 0.059375 0.0453125
0 0.5 0.490625 0.04296875 0.05625
0 0.42421875 0.49453125 0.11015625 0.09296875
0 0.359375 0.5109375 0.059375 0.04453125
0 0.3453125 0.3890625 0.09375 0.059375
0 0.4375 0.54296875 0.10390625 0.0671875
0 0.5375 0.48125 0.03515625 0.0515625
0 0.35 0.48984375 0.07421875 0.0578125
0 0.5375 0.428125 0.04140625 0.06875
0 0.49765625 0.4671875 0.0484375 0.06171875
0 0.3 0.4875 0.065625 0.04921875
0 0.45546875 0.5109375 0.05546875 0.065625