0 0.39453125 0.3359375 0.109375 0.0984375
0 0.48046875 0.3046875 0.11875 0.1015625
0 0.39296875 0.40703125 0.109375 0.096875
0 0.590625 0.34296875 0.146875 0.1171875
0 0.58515625 0.271875 0.1546875 0.121875
0 0.65859375 0.459375 0.15 0.11875
0 0.49609375 0.46328125 0.1453125 0.125
0 0.484375 0.3796875 0.1171875 0.1015625
0 0.68515625 0.37265625 0.0546875 0.0921875
0 0.6046875 0.43203125 0.1703125 0.1421875
0 0.39765625 0.47890625 0.121875 0.1046875
0 0.471875 0.5328125 0.109375 0.046875
0 0.559375 0.509375 0.1125 0.0515625
0 0.72578125 0.4625 0.0578125 0.0921875
0 0.6484375 0.3421875 0.065625 0.1125
0 0.7203125 0.3953125 0.0546875 0.0890625
0 0.68125 0.2984375 0.059375 0.096875
0 0.7109375 0.32734375 0.0546875 0.09375
0 0.60859375 0.521875 0.109375 0.04375
0 0.52109375 0.53984375 0.1015625 0.04375
0 0.68359375 0.50546875 0.121875 0.0515625
0 0.65703125 0.48984375 0.1140625 0.05625
0 0.428125 0.51875 0.128125 0.059375
0 0.640625 0.27421875 0.065625 0.109375
0 0.69375 0.446875 0.0609375 0.09375