0 0.34609375 0.578125 0.1046875 0.0734375
0 0.28359375 0.49765625 0.1125 0.090625
0 0.465625 0.43125 0.096875 0.0609375
0 0.48515625 0.5296875 0.1171875 0.08125
0 0.32890625 0.63046875 0.1015625 0.0671875
0 0.25078125 0.59921875 0.0984375 0.0734375
0 0.51328125 0.49375 0.1078125 0.0703125
0 0.39765625 0.496875 0.11875 0.08125
0 0.38984375 0.4 0.1109375 0.0640625
0 0.41015625 0.65234375 0.10625 0.0703125
0 0.34453125 0.4234375 0.1078125 0.059375
0 0.259375 0.5453125 0.103125 0.078125
0 0.43125 0.6171875 0.1046875 0.0734375
0 0.37734375 0.52734375 0.109375 0.0796875
0 0.45625 0.56875 0.121875 0.0890625
0 0.5328125 0.46484375 0.1 0.0640625
0 0.43203125 0.45859375 0.1015625 0.0703125
0 0.309375 0.4578125 0.1234375 0.078125