0 0.54609375 0.634375 0.11640625 0.08515625
0 0.31796875 0.4640625 0.1296875 0.10234375
0 0.32734375 0.63671875 0.12578125 0.0859375
0 0.4359375 0.46796875 0.121875 0.1
0 0.5515625 0.55625 0.11796875 0.0859375
0 0.54921875 0.4703125 0.12109375 0.1
0 0.43984375 0.63671875 0.11328125 0.0796875
0 0.32421875 0.5546875 0.12578125 0.08984375
0 0.44140625 0.5578125 0.11953125 0.08671875
0 0.5421875 0.4265625 0.11484375 0.01875
0 0.4375 0.4140625 0.10234375 0.015625
0 0.525 0.41328125 0.090625 0.01640625
0 0.3328125 0.40703125 0.1078125 0.02109375