0 0.36875 0.63828125 0.1171875 0.09375
0 0.35078125 0.5703125 0.1234375 0.10625
0 0.48125 0.67421875 0.1078125 0.084375
0 0.565625 0.6453125 0.1078125 0.0875
0 0.390625 0.7 0.1109375 0.090625
0 0.46015625 0.61484375 0.1125 0.090625
0 0.53046875 0.50625 0.1375 0.13125
0 0.48984375 0.4546875 0.09375 0.0375
0 0.421875 0.4890625 0.0984375 0.046875
0 0.3296875 0.4890625 0.0953125 0.040625
0 0.5515625 0.5859375 0.1109375 0.090625
0 0.409375 0.46953125 0.096875 0.0421875
0 0.33203125 0.5078125 0.09375 0.04375
0 0.44765625 0.5515625 0.1171875 0.0921875