0 0.48984375 0.58671875 0.13671875 0.0984375
0 0.36953125 0.58046875 0.11796875 0.090625
0 0.48515625 0.4140625 0.11953125 0.09375
0 0.4953125 0.50078125 0.13515625 0.09609375
0 0.38125 0.40703125 0.1140625 0.0875
0 0.27109375 0.4671875 0.109375 0.08515625
0 0.2625 0.55 0.12265625 0.09453125
0 0.29453125 0.39140625 0.11796875 0.07890625
0 0.5921875 0.51015625 0.02890625 0.0703125
0 0.5828125 0.4359375 0.0421875 0.0890625
0 0.56875 0.51015625 0.03359375 0.0796875
0 0.54609375 0.58828125 0.03203125 0.0828125
0 0.3765625 0.49296875 0.11484375 0.08984375
0 0.5640625 0.58515625 0.0265625 0.075
0 0.6015625 0.44140625 0.03125 0.0796875
0 0.5453125 0.503125 0.0359375 0.08671875