0 0.490625 0.6109375 0.10390625 0.08828125
0 0.553125 0.446875 0.10234375 0.08671875
0 0.46328125 0.45390625 0.109375 0.08671875
0 0.3625 0.46640625 0.12421875 0.09375
0 0.3921875 0.62421875 0.115625 0.0953125
0 0.3640625 0.5484375 0.12890625 0.09375
0 0.27421875 0.4734375 0.0453125 0.078125
0 0.57578125 0.59296875 0.10078125 0.0859375
0 0.565625 0.5203125 0.09375 0.08515625
0 0.2515625 0.475 0.040625 0.07265625
0 0.3140625 0.62265625 0.065625 0.09140625
0 0.47265625 0.5328125 0.1046875 0.08828125
0 0.28984375 0.546875 0.0375 0.07734375
0 0.2703125 0.5453125 0.0359375 0.071875
0 0.3 0.4703125 0.05 0.08359375
0 0.2828125 0.6078125 0.03515625 0.071875
0 0.3 0.615625 0.03984375 0.07578125