0 0.56953125 0.5765625 0.08046875 0.109375
0 0.54609375 0.75234375 0.07578125 0.08984375
0 0.60703125 0.73046875 0.08203125 0.0953125
0 0.4609375 0.69375 0.0734375 0.09453125
0 0.484375 0.765625 0.0765625 0.09453125
0 0.5046875 0.58671875 0.075 0.1078125
0 0.4375 0.56796875 0.0625 0.04609375
0 0.44375 0.61328125 0.0765625 0.0984375
0 0.5921875 0.65390625 0.07578125 0.09453125
0 0.559375 0.4984375 0.0578125 0.0421875
0 0.50234375 0.52421875 0.059375 0.03828125
0 0.559375 0.5234375 0.0609375 0.0484375
0 0.4453125 0.5421875 0.05703125 0.0375
0 0.5640625 0.4828125 0.0578125 0.0375
0 0.5140625 0.49609375 0.05546875 0.03515625
0 0.459375 0.51875 0.053125 0.03671875
0 0.52734375 0.675 0.08046875 0.10234375
0 0.50078125 0.5453125 0.0671875 0.04453125