0 0.3875 0.32109375 0.1015625 0.0734375
0 0.45625 0.321875 0.1 0.0734375
0 0.52109375 0.32890625 0.10625 0.08125
0 0.47421875 0.43515625 0.1265625 0.1140625
0 0.33515625 0.42578125 0.121875 0.1140625
0 0.42109375 0.50859375 0.0734375 0.05625
0 0.35625 0.3625 0.103125 0.075
0 0.42734375 0.36953125 0.096875 0.071875
0 0.50546875 0.3890625 0.109375 0.103125
0 0.409375 0.48125 0.0765625 0.0578125
0 0.4875 0.47578125 0.109375 0.084375
0 0.34375 0.47578125 0.078125 0.0609375
0 0.3609375 0.503125 0.0734375 0.05625
0 0.5578125 0.3765625 0.04375 0.065625
0 0.3984375 0.4296875 0.11875 0.1078125
0 0.54375 0.45390625 0.0453125 0.0640625
0 0.48984375 0.509375 0.0921875 0.0671875
0 0.56171875 0.40859375 0.0390625 0.059375
0 0.53984375 0.428125 0.04375 0.0609375
0 0.39375 0.4515625 0.0859375 0.0703125
0 0.5546875 0.35078125 0.05 0.0703125