0 0.440625 0.47109375 0.090625 0.06484375
0 0.540625 0.5140625 0.09375 0.0765625
0 0.49296875 0.40703125 0.084375 0.0578125
0 0.6046875 0.50234375 0.0984375 0.08828125
0 0.425 0.42265625 0.0953125 0.06484375
0 0.56015625 0.3953125 0.0875 0.06171875
0 0.46640625 0.53359375 0.096875 0.09140625
0 0.5875 0.44140625 0.0921875 0.06328125
0 0.5546875 0.56171875 0.05703125 0.0296875
0 0.51484375 0.45703125 0.084375 0.059375
0 0.49375 0.58125 0.0671875 0.03515625
0 0.54296875 0.5515625 0.0703125 0.02890625
0 0.47578125 0.565625 0.07578125 0.03359375
0 0.546875 0.5390625 0.075 0.03515625