0 0.575 0.46484375 0.1421875 0.115625
0 0.6265625 0.64140625 0.125 0.0984375
0 0.71484375 0.53046875 0.11953125 0.103125
0 0.44609375 0.48671875 0.1828125 0.13828125
0 0.69609375 0.44765625 0.13046875 0.1125
0 0.48203125 0.58671875 0.13515625 0.10546875
0 0.6015625 0.5578125 0.12578125 0.09921875
0 0.73046875 0.6125 0.12578125 0.10234375
0 0.51328125 0.6640625 0.13515625 0.10625
0 0.3921875 0.4734375 0.11796875 0.11484375
0 0.64296875 0.4359375 0.22734375 0.13046875
0 0.3828125 0.49921875 0.0640625 0.1