0 0.465625 0.309375 0.0734375 0.09375
0 0.4203125 0.4484375 0.065625 0.075
0 0.471875 0.43828125 0.065625 0.0796875
0 0.35703125 0.39140625 0.071875 0.084375
0 0.3671875 0.45390625 0.071875 0.0828125
0 0.40859375 0.3078125 0.075 0.1046875
0 0.471875 0.37578125 0.065625 0.0828125
0 0.40703125 0.2453125 0.059375 0.040625
0 0.3515625 0.3203125 0.078125 0.09375
0 0.4625 0.2171875 0.0578125 0.0375
0 0.3609375 0.22578125 0.0546875 0.0390625
0 0.46171875 0.23359375 0.059375 0.0421875
0 0.4125 0.21875 0.05625 0.0375
0 0.3515625 0.24921875 0.0578125 0.040625
0 0.46484375 0.26171875 0.0625 0.046875
0 0.35078125 0.27265625 0.0640625 0.046875