0 0.6 0.58203125 0.1265625 0.08046875
0 0.49375 0.40859375 0.13203125 0.10859375
0 0.37265625 0.57421875 0.13125 0.08828125
0 0.48671875 0.5828125 0.11640625 0.07734375
0 0.37265625 0.48984375 0.12734375 0.09296875
0 0.61171875 0.503125 0.1234375 0.0890625
0 0.37109375 0.38828125 0.134375 0.12109375
0 0.48671875 0.3484375 0.11484375 0.02109375
0 0.61171875 0.41015625 0.1390625 0.1171875
0 0.49375 0.50234375 0.1265625 0.0921875
0 0.59296875 0.35 0.11875 0.0203125
0 0.36953125 0.3484375 0.11875 0.01484375