0 0.475 0.58359375 0.1515625 0.1203125
0 0.3578125 0.55625 0.13125 0.109375
0 0.5 0.4125 0.134375 0.1125
0 0.4953125 0.5 0.15 0.11875
0 0.39921875 0.3875 0.128125 0.10625
0 0.28046875 0.428125 0.121875 0.103125
0 0.2578125 0.5078125 0.1375 0.1140625
0 0.31640625 0.35703125 0.1296875 0.0984375
0 0.5890625 0.52578125 0.040625 0.075
0 0.59296875 0.4515625 0.05625 0.0953125
0 0.565625 0.521875 0.046875 0.084375
0 0.5296875 0.5953125 0.0453125 0.0875
0 0.3796875 0.471875 0.128125 0.1078125
0 0.5484375 0.5953125 0.0390625 0.078125
0 0.61015625 0.46015625 0.0453125 0.084375
0 0.54375 0.5109375 0.05 0.0921875