0 0.28515625 0.61171875 0.07734375 0.06640625
0 0.3515625 0.60625 0.07734375 0.0625
0 0.35703125 0.5 0.07109375 0.05546875
0 0.42265625 0.49453125 0.07265625 0.0578125
0 0.4265625 0.60234375 0.08828125 0.0703125
0 0.2921875 0.50625 0.0703125 0.053125
0 0.43125 0.54609375 0.08046875 0.0625
0 0.2890625 0.55703125 0.07109375 0.05625
0 0.49140625 0.5203125 0.0265625 0.06484375
0 0.48515625 0.621875 0.0265625 0.06171875
0 0.47421875 0.62421875 0.078125 0.06796875
0 0.3578125 0.55234375 0.07578125 0.059375
0 0.50625 0.534375 0.021875 0.0578125
0 0.50625 0.58046875 0.01875 0.05546875
0 0.50390625 0.62578125 0.025 0.06015625
0 0.44921875 0.615625 0.09609375 0.071875
0 0.46875 0.54921875 0.025 0.06875