0 0.44609375 0.3140625 0.0640625 0.08828125
0 0.415625 0.45703125 0.059375 0.06953125
0 0.465625 0.44140625 0.0578125 0.0734375
0 0.34609375 0.40703125 0.0640625 0.078125
0 0.36328125 0.46796875 0.06484375 0.0765625
0 0.3890625 0.31875 0.065625 0.09765625
0 0.459375 0.3796875 0.0578125 0.0765625
0 0.38125 0.25625 0.05546875 0.034375
0 0.33359375 0.33671875 0.06875 0.08671875
0 0.4328125 0.22265625 0.0546875 0.03203125
0 0.3328125 0.2421875 0.0515625 0.03359375
0 0.434375 0.2390625 0.05625 0.0359375
0 0.38359375 0.2296875 0.053125 0.0328125
0 0.3265625 0.26640625 0.0546875 0.034375
0 0.43984375 0.26640625 0.05859375 0.040625
0 0.328125 0.28984375 0.06015625 0.04140625