0 0.53828125 0.48046875 0.05625 0.04375
0 0.5359375 0.4484375 0.0515625 0.040625
0 0.53046875 0.41640625 0.0546875 0.0421875
0 0.4484375 0.496875 0.0546875 0.040625
0 0.43671875 0.434375 0.0546875 0.04375
0 0.44375 0.465625 0.0546875 0.040625
0 0.49375 0.48984375 0.053125 0.0390625
0 0.51875 0.38203125 0.0515625 0.021875
0 0.49140625 0.459375 0.053125 0.040625
0 0.425 0.40234375 0.0515625 0.0296875
0 0.4296875 0.41171875 0.0515625 0.0265625
0 0.42109375 0.3890625 0.0453125 0.021875
0 0.47890625 0.4046875 0.053125 0.0234375
0 0.471875 0.39140625 0.0484375 0.021875
0 0.5234375 0.39453125 0.0515625 0.0234375
0 0.484375 0.42578125 0.0546875 0.04375
0 0.4640625 0.37890625 0.05 0.0234375
0 0.50859375 0.37109375 0.0484375 0.0234375