0 0.37890625 0.42734375 0.059375 0.04375
0 0.36875 0.39296875 0.05703125 0.04140625
0 0.43046875 0.4203125 0.05546875 0.04140625
0 0.47421875 0.37734375 0.05390625 0.040625
0 0.4609375 0.31796875 0.06015625 0.0234375
0 0.478125 0.4125 0.0546875 0.04375
0 0.34609375 0.334375 0.053125 0.04453125
0 0.43359375 0.2953125 0.0578125 0.02109375
0 0.36328125 0.3515625 0.06640625 0.0546875
0 0.359375 0.334375 0.06171875 0.02734375
0 0.33671875 0.4125 0.015625 0.0390625
0 0.46875 0.33984375 0.05703125 0.04921875
0 0.3484375 0.31875 0.05703125 0.02265625
0 0.3953125 0.29921875 0.0484375 0.01796875
0 0.4484375 0.3046875 0.05703125 0.01953125
0 0.32421875 0.3625 0.01328125 0.034375
0 0.31640625 0.3265625 0.01796875 0.0453125
0 0.4203125 0.3859375 0.05859375 0.04375
0 0.3390625 0.321875 0.0609375 0.053125
0 0.41640625 0.34453125 0.06171875 0.05078125
0 0.34296875 0.30390625 0.05625 0.0203125
0 0.40078125 0.31171875 0.05625 0.01875
0 0.32578125 0.39140625 0.015625 0.040625