0 0.23828125 0.7171875 0.1921875 0.134375
0 0.26875 0.60703125 0.1484375 0.1203125
0 0.4953125 0.79609375 0.109375 0.1203125
0 0.396875 0.60234375 0.125 0.1078125
0 0.4984375 0.6984375 0.1046875 0.109375
0 0.3859375 0.81328125 0.121875 0.115625
0 0.12578125 0.6953125 0.05 0.109375
0 0.11796875 0.796875 0.05 0.115625
0 0.50078125 0.60078125 0.10625 0.1046875
0 0.38671875 0.70546875 0.1296875 0.115625
0 0.084375 0.77265625 0.04375 0.1109375
0 0.23203125 0.82421875 0.1984375 0.1421875
0 0.16640625 0.71640625 0.0625 0.125
0 0.0890625 0.68046875 0.04375 0.096875
0 0.1296875 0.61953125 0.04375 0.0515625
0 0.17421875 0.62265625 0.059375 0.0796875