0 0.23203125 0.38828125 0.078125 0.11875
0 0.23984375 0.49609375 0.0796875 0.1171875
0 0.3234375 0.6 0.084375 0.1125
0 0.25078125 0.6 0.0765625 0.1109375
0 0.40234375 0.59140625 0.0921875 0.121875
0 0.3046875 0.38125 0.084375 0.1171875
0 0.3890625 0.37421875 0.0953125 0.1234375
0 0.40390625 0.4859375 0.10625 0.1234375
0 0.4625 0.3796875 0.0328125 0.1078125
0 0.4859375 0.465625 0.0234375 0.0953125
0 0.3171875 0.49140625 0.0859375 0.1234375
0 0.47109375 0.57421875 0.0234375 0.1015625
0 0.434375 0.371875 0.0390625 0.11875
0 0.48828125 0.55625 0.0234375 0.0984375
0 0.4484375 0.58515625 0.0375 0.1203125
0 0.48203125 0.37734375 0.028125 0.1
0 0.4421875 0.4828125 0.0359375 0.1171875