0 0.55078125 0.5078125 0.08671875 0.07265625
0 0.62890625 0.64296875 0.0890625 0.07421875
0 0.73046875 0.57890625 0.11171875 0.078125
0 0.63203125 0.50703125 0.08984375 0.07421875
0 0.7265625 0.6453125 0.1109375 0.084375
0 0.725 0.51015625 0.0984375 0.078125
0 0.55 0.63515625 0.08203125 0.0734375
0 0.80234375 0.56484375 0.01953125 0.0640625
0 0.803125 0.50625 0.02265625 0.0625
0 0.7875 0.56875 0.02109375 0.06796875
0 0.79296875 0.50625 0.0234375 0.065625
0 0.54921875 0.57265625 0.084375 0.07109375
0 0.78984375 0.634375 0.01875 0.0671875