0 0.6171875 0.40859375 0.0515625 0.040625
0 0.628125 0.46796875 0.04375 0.0390625
0 0.5796875 0.47265625 0.034375 0.0359375
0 0.65859375 0.43515625 0.046875 0.0390625
0 0.69609375 0.40546875 0.0484375 0.040625
0 0.6140625 0.4390625 0.0546875 0.0421875
0 0.6984375 0.4640625 0.04375 0.0375
0 0.6578125 0.4046875 0.0453125 0.0375
0 0.6640625 0.4640625 0.0421875 0.0375
0 0.69765625 0.43515625 0.0453125 0.0375
0 0.58203125 0.41484375 0.025 0.0328125
0 0.60234375 0.46953125 0.0265625 0.034375
0 0.59765625 0.40859375 0.04375 0.034375