0 0.61015625 0.671875 0.1671875 0.125
0 0.3734375 0.7953125 0.1296875 0.121875
0 0.36875 0.69921875 0.1203125 0.10625
0 0.4828125 0.78828125 0.1375 0.1234375
0 0.61484375 0.775 0.165625 0.13125
0 0.4703125 0.5953125 0.1265625 0.1046875
0 0.58515625 0.57890625 0.140625 0.1125
0 0.3671875 0.61171875 0.11875 0.103125
0 0.47890625 0.6875 0.134375 0.115625
0 0.68671875 0.58671875 0.0421875 0.0984375
0 0.71640625 0.67265625 0.0328125 0.084375
0 0.709375 0.76484375 0.0390625 0.1
0 0.72578125 0.76171875 0.0359375 0.09375
0 0.7078125 0.60234375 0.0296875 0.0828125
0 0.69375 0.67265625 0.0375 0.0984375
0 0.65546875 0.57734375 0.05 0.109375
0 0.6734375 0.57890625 0.065625 0.1140625