0 0.5234375 0.55859375 0.1203125 0.08984375
0 0.4515625 0.60234375 0.13203125 0.0921875
0 0.5921875 0.50234375 0.1359375 0.10390625
0 0.52578125 0.446875 0.125 0.096875
0 0.37109375 0.44609375 0.12421875 0.096875
0 0.30703125 0.50390625 0.1359375 0.1015625
0 0.44765625 0.396875 0.14375 0.11171875
0 0.375 0.559375 0.1265625 0.08984375
0 0.44921875 0.50390625 0.11875 0.0890625
0 0.54921875 0.40859375 0.09609375 0.07265625
0 0.35859375 0.4046875 0.10078125 0.0703125
0 0.6234375 0.4765625 0.06875 0.06328125