0 0.4234375 0.365625 0.0578125 0.040625
0 0.41796875 0.328125 0.059375 0.04609375
0 0.53046875 0.390625 0.05625 0.040625
0 0.42578125 0.39921875 0.0578125 0.040625
0 0.4765625 0.3578125 0.0578125 0.04296875
0 0.4546875 0.26953125 0.05546875 0.01953125
0 0.50546875 0.265625 0.05390625 0.01953125
0 0.47265625 0.31953125 0.0578125 0.04609375
0 0.52890625 0.3546875 0.0546875 0.0421875
0 0.478125 0.3953125 0.05625 0.0390625
0 0.52578125 0.31875 0.05625 0.04375
0 0.40625 0.275 0.05546875 0.02265625
0 0.4140625 0.30390625 0.05703125 0.0234375
0 0.41015625 0.28828125 0.0546875 0.02109375
0 0.5171875 0.28515625 0.05859375 0.0296875
0 0.46484375 0.28359375 0.05546875 0.01640625
0 0.4671875 0.296875 0.0578125 0.01796875