0 0.2421875 0.721875 0.18984375 0.13046875
0 0.2703125 0.6109375 0.146875 0.11796875
0 0.50078125 0.79609375 0.10703125 0.11796875
0 0.3984375 0.60390625 0.1234375 0.10625
0 0.5015625 0.6984375 0.10234375 0.1078125
0 0.39140625 0.81484375 0.11953125 0.1140625
0 0.12890625 0.7015625 0.04765625 0.10859375
0 0.1234375 0.803125 0.04765625 0.11484375
0 0.50234375 0.60078125 0.1046875 0.10234375
0 0.390625 0.70703125 0.128125 0.1140625
0 0.0890625 0.7796875 0.04140625 0.11015625
0 0.2375 0.82890625 0.19609375 0.13828125
0 0.1703125 0.721875 0.0609375 0.12421875
0 0.0921875 0.6875 0.04140625 0.096875
0 0.13203125 0.62578125 0.04296875 0.05078125
0 0.1765625 0.628125 0.0578125 0.078125