0 0.61328125 0.52265625 0.140625 0.1328125
0 0.6296875 0.37421875 0.115625 0.084375
0 0.38828125 0.49296875 0.140625 0.125
0 0.4078125 0.40859375 0.125 0.0953125
0 0.625 0.43828125 0.1203125 0.090625
0 0.4265625 0.3453125 0.1171875 0.084375
0 0.52890625 0.359375 0.115625 0.08125
0 0.4984375 0.50625 0.134375 0.125
0 0.39609375 0.5640625 0.11875 0.0578125
0 0.496875 0.6015625 0.0984375 0.04375
0 0.6 0.59140625 0.109375 0.053125
0 0.496875 0.57421875 0.1078125 0.0515625
0 0.49140625 0.54296875 0.1203125 0.05625
0 0.59296875 0.61640625 0.0984375 0.0453125
0 0.4046875 0.5859375 0.1078125 0.04375
0 0.515625 0.4203125 0.115625 0.0796875