0 0.234375 0.38359375 0.0765625 0.1171875
0 0.23984375 0.49140625 0.07734375 0.115625
0 0.321875 0.596875 0.08203125 0.11171875
0 0.24921875 0.5953125 0.07421875 0.11015625
0 0.40078125 0.58984375 0.08984375 0.12109375
0 0.30703125 0.378125 0.08203125 0.115625
0 0.39140625 0.37265625 0.09375 0.12109375
0 0.40390625 0.484375 0.10390625 0.12109375
0 0.46484375 0.37890625 0.03046875 0.10703125
0 0.48671875 0.465625 0.021875 0.0953125
0 0.3171875 0.48828125 0.084375 0.12265625
0 0.46953125 0.5734375 0.02109375 0.10078125
0 0.43671875 0.37109375 0.03671875 0.11796875
0 0.4875 0.55625 0.021875 0.0984375
0 0.446875 0.584375 0.0359375 0.1203125
0 0.484375 0.37734375 0.02578125 0.09921875
0 0.4421875 0.48203125 0.03359375 0.11640625