0 0.40703125 0.41875 0.0859375 0.0578125
0 0.50859375 0.4140625 0.1015625 0.0890625
0 0.303125 0.43515625 0.1046875 0.075
0 0.44921875 0.378125 0.09375 0.0609375
0 0.50234375 0.5171875 0.04375 0.0578125
0 0.31640625 0.5171875 0.05625 0.04375
0 0.47265625 0.453125 0.0984375 0.08125
0 0.35859375 0.46484375 0.1 0.075
0 0.39140625 0.35859375 0.096875 0.0625
0 0.5375 0.44921875 0.0390625 0.0609375
0 0.36953125 0.540625 0.0609375 0.046875
0 0.5 0.490625 0.04375 0.05625
0 0.42421875 0.49609375 0.1125 0.0953125
0 0.359375 0.51328125 0.059375 0.0453125
0 0.34375 0.39140625 0.0953125 0.0609375
0 0.43828125 0.54375 0.1046875 0.06875
0 0.5375 0.48046875 0.0359375 0.0515625
0 0.35 0.4921875 0.075 0.059375
0 0.5359375 0.42734375 0.0421875 0.06875
0 0.496875 0.4671875 0.05 0.0625
0 0.3 0.490625 0.0671875 0.05
0 0.45546875 0.51171875 0.05625 0.0671875