0 0.31796875 0.4203125 0.16875 0.1265625
0 0.49453125 0.55390625 0.14609375 0.11640625
0 0.47734375 0.6625 0.15234375 0.11640625
0 0.340625 0.65078125 0.17265625 0.12578125
0 0.6015625 0.66484375 0.1375 0.1109375
0 0.603125 0.45859375 0.15859375 0.1265625
0 0.62109375 0.5671875 0.128125 0.11015625
0 0.4671875 0.4390625 0.159375 0.121875
0 0.34765625 0.53671875 0.17421875 0.1265625
0 0.25546875 0.6375 0.05234375 0.121875
0 0.20703125 0.60625 0.04609375 0.103125
0 0.22421875 0.6203125 0.05625 0.1125