0 0.3765625 0.571875 0.11875 0.0890625
0 0.53125 0.51015625 0.1125 0.08125
0 0.4078125 0.62734375 0.121875 0.1
0 0.55 0.65546875 0.13125 0.1171875
0 0.62578125 0.6234375 0.1375 0.1328125
0 0.459375 0.68671875 0.1421875 0.1296875
0 0.6140625 0.70234375 0.0921875 0.0546875
0 0.54375 0.73046875 0.0859375 0.053125
0 0.4953125 0.59140625 0.1140625 0.0859375
0 0.57578125 0.55234375 0.1140625 0.084375
0 0.62734375 0.67421875 0.090625 0.05625
0 0.47265625 0.7453125 0.0953125 0.0609375
0 0.55 0.7078125 0.0859375 0.0453125
0 0.45390625 0.53828125 0.1125 0.08125
0 0.38046875 0.65703125 0.0390625 0.0734375
0 0.45546875 0.7359375 0.11875 0.1125
0 0.3546875 0.62578125 0.0671875 0.125
0 0.41796875 0.73984375 0.046875 0.090625
0 0.634375 0.6453125 0.1078125 0.071875
0 0.46953125 0.76171875 0.090625 0.0515625