0 0.61875 0.27578125 0.1140625 0.07578125
0 0.4140625 0.25 0.12109375 0.0765625
0 0.5 0.328125 0.11875 0.078125
0 0.51875 0.2609375 0.1171875 0.0734375
0 0.60703125 0.3421875 0.1125 0.08046875
0 0.3890625 0.3125 0.121875 0.0796875
0 0.57734375 0.459375 0.1171875 0.05234375
0 0.4671875 0.47890625 0.10390625 0.0421875
0 0.36953125 0.39921875 0.1296875 0.11953125
0 0.478125 0.40390625 0.1265625 0.09453125
0 0.37109375 0.49375 0.0984375 0.03984375
0 0.36796875 0.46796875 0.1046875 0.0421875
0 0.4640625 0.509375 0.09765625 0.040625
0 0.58828125 0.42421875 0.128125 0.115625
0 0.565625 0.49609375 0.109375 0.04609375
0 0.3640625 0.43671875 0.11484375 0.0515625
0 0.471875 0.44765625 0.1140625 0.05
0 0.55234375 0.521875 0.10390625 0.04140625