0 0.61875 0.8421875 0.10703125 0.09765625
0 0.428125 0.8984375 0.11640625 0.096875
0 0.41015625 0.82265625 0.11640625 0.09609375
0 0.60703125 0.7640625 0.10078125 0.0921875
0 0.371875 0.73125 0.1375 0.12109375
0 0.48671875 0.70703125 0.11953125 0.10078125
0 0.52578125 0.871875 0.1078125 0.09140625
0 0.578125 0.68828125 0.115625 0.0984375
0 0.3375 0.815625 0.059375 0.11953125
0 0.30078125 0.775 0.04140625 0.09375
0 0.4859375 0.63515625 0.08984375 0.025
0 0.2859375 0.715625 0.03984375 0.0828125
0 0.30625 0.7296875 0.04453125 0.08515625
0 0.43125 0.659375 0.09296875 0.03046875
0 0.509375 0.79375 0.11796875 0.09921875
0 0.328125 0.79375 0.04921875 0.08515625
0 0.33046875 0.7390625 0.053125 0.0984375
0 0.4625 0.66875 0.09765625 0.0328125