0 0.5609375 0.58359375 0.0921875 0.1171875
0 0.51953125 0.75546875 0.084375 0.096875
0 0.58203125 0.740625 0.0921875 0.103125
0 0.440625 0.68828125 0.0828125 0.1015625
0 0.45703125 0.7625 0.0859375 0.1015625
0 0.4953125 0.58671875 0.0859375 0.115625
0 0.43046875 0.5609375 0.0671875 0.053125
0 0.43203125 0.60703125 0.0859375 0.10625
0 0.57578125 0.6625 0.0859375 0.1015625
0 0.559375 0.5046875 0.0625 0.0484375
0 0.5 0.52421875 0.0625 0.04375
0 0.55625 0.5296875 0.065625 0.0546875
0 0.44140625 0.5359375 0.0609375 0.04375
0 0.565625 0.48984375 0.0609375 0.04375
0 0.5140625 0.49765625 0.059375 0.040625
0 0.4578125 0.5140625 0.05625 0.0421875
0 0.50859375 0.6765625 0.090625 0.1109375
0 0.49609375 0.5453125 0.071875 0.0515625