0 0.64140625 0.2890625 0.121875 0.0875
0 0.440625 0.2421875 0.128125 0.0890625
0 0.51796875 0.32890625 0.1265625 0.090625
0 0.54375 0.2640625 0.125 0.0859375
0 0.62265625 0.35390625 0.1203125 0.0921875
0 0.409375 0.3015625 0.1296875 0.0921875
0 0.58125 0.46796875 0.121875 0.0640625
0 0.46953125 0.47578125 0.1078125 0.053125
0 0.38046875 0.3859375 0.1421875 0.1328125
0 0.48828125 0.40234375 0.1359375 0.1078125
0 0.37265625 0.48046875 0.1015625 0.05
0 0.371875 0.4546875 0.1078125 0.053125
0 0.46328125 0.50546875 0.1015625 0.05
0 0.59609375 0.43359375 0.1390625 0.128125
0 0.565625 0.503125 0.1140625 0.0578125
0 0.37109375 0.42265625 0.1203125 0.0640625
0 0.47734375 0.4453125 0.11875 0.0609375
0 0.55 0.52734375 0.1078125 0.0515625