0 0.44921875 0.50390625 0.0953125 0.084375
0 0.3671875 0.49609375 0.103125 0.0890625
0 0.534375 0.51171875 0.096875 0.084375
0 0.44375 0.56953125 0.09375 0.06875
0 0.5203125 0.6296875 0.0890625 0.0609375
0 0.44140625 0.62421875 0.084375 0.059375
0 0.36171875 0.5640625 0.0875 0.0640625
0 0.52734375 0.57578125 0.0921875 0.0671875
0 0.45546875 0.43828125 0.0734375 0.01875
0 0.3609375 0.6171875 0.0890625 0.0609375
0 0.3734375 0.45078125 0.0859375 0.025
0 0.52890625 0.44375 0.0765625 0.0234375
0 0.53203125 0.46015625 0.0796875 0.0265625
0 0.3828125 0.4375 0.08125 0.025
0 0.53515625 0.48125 0.0859375 0.03125
0 0.36953125 0.46640625 0.0921875 0.0296875