0 0.51875 0.41640625 0.1171875 0.0828125
0 0.42890625 0.43671875 0.1234375 0.090625
0 0.5890625 0.56015625 0.11875 0.0921875
0 0.6046875 0.40390625 0.121875 0.090625
0 0.64375 0.46640625 0.109375 0.0859375
0 0.6734375 0.53671875 0.1296875 0.096875
0 0.4515625 0.51171875 0.121875 0.0984375
0 0.490625 0.58046875 0.134375 0.103125
0 0.37578125 0.45625 0.053125 0.0875
0 0.43359375 0.603125 0.0671875 0.0828125
0 0.55 0.4875 0.1125 0.0875
0 0.36328125 0.5 0.0390625 0.0671875
0 0.39765625 0.5453125 0.0515625 0.08125