0 0.26953125 0.5171875 0.0921875 0.065625
0 0.2640625 0.578125 0.08828125 0.07109375
0 0.27109375 0.646875 0.11875 0.08203125
0 0.0875 0.64921875 0.09609375 0.07109375
0 0.17109375 0.64765625 0.096875 0.071875
0 0.10703125 0.5265625 0.0890625 0.0640625
0 0.1796875 0.58125 0.090625 0.06875
0 0.09609375 0.58515625 0.090625 0.06640625
0 0.18671875 0.5203125 0.0921875 0.065625
0 0.35859375 0.615625 0.02578125 0.06171875
0 0.36171875 0.56015625 0.0296875 0.065625
0 0.34765625 0.5453125 0.034375 0.0703125
0 0.3375 0.59921875 0.028125 0.0671875
0 0.30234375 0.6625 0.1109375 0.0765625
0 0.3546875 0.6671875 0.02734375 0.06875
0 0.334375 0.659375 0.03125 0.06875
0 0.22890625 0.69609375 0.08984375 0.01640625
0 0.31640625 0.57734375 0.0328125 0.0890625
0 0.13515625 0.6921875 0.09296875 0.01640625