0 0.4515625 0.5234375 0.075 0.0640625
0 0.3984375 0.42109375 0.075 0.065625
0 0.34375 0.4078125 0.0734375 0.065625
0 0.33671875 0.4984375 0.078125 0.0671875
0 0.46328125 0.4796875 0.08125 0.0671875
0 0.340625 0.45390625 0.071875 0.0625
0 0.45859375 0.43203125 0.0765625 0.0671875
0 0.39921875 0.46875 0.075 0.0640625
0 0.4890625 0.52421875 0.0359375 0.0546875
0 0.521875 0.47109375 0.0359375 0.053125
0 0.5015625 0.43359375 0.0484375 0.059375
0 0.52109375 0.428125 0.0390625 0.053125
0 0.39375 0.5140625 0.075 0.0625
0 0.52109375 0.51640625 0.0390625 0.0546875
0 0.50234375 0.52421875 0.0375 0.0546875
0 0.50703125 0.478125 0.03125 0.0515625