0 0.49140625 0.296875 0.1875 0.13359375
0 0.603125 0.35703125 0.17109375 0.12421875
0 0.51953125 0.6015625 0.20703125 0.1765625
0 0.50546875 0.4390625 0.16328125 0.11796875
0 0.39296875 0.3671875 0.16953125 0.12734375
0 0.62265625 0.51484375 0.175 0.13515625
0 0.70546875 0.43203125 0.1875 0.14140625
0 0.403125 0.5296875 0.18203125 0.14296875
0 0.30390625 0.46875 0.19921875 0.18515625
0 0.63828125 0.59609375 0.078125 0.08203125
0 0.725 0.5234375 0.0921875 0.096875
0 0.6328125 0.33046875 0.090625 0.0625
0 0.66171875 0.54765625 0.0984375 0.09375
0 0.365625 0.565625 0.1015625 0.07890625