0 0.6109375 0.5203125 0.1453125 0.11875
0 0.35 0.57890625 0.15 0.1140625
0 0.3515625 0.49375 0.15 0.1171875
0 0.62109375 0.4203125 0.159375 0.140625
0 0.36015625 0.3921875 0.1625 0.1390625
0 0.49296875 0.40390625 0.159375 0.140625
0 0.47578125 0.59609375 0.1390625 0.1046875
0 0.5984375 0.6046875 0.1453125 0.1125
0 0.490625 0.334375 0.1140625 0.034375
0 0.47890625 0.50859375 0.159375 0.1265625
0 0.38515625 0.31953125 0.115625 0.03125
0 0.59921875 0.35234375 0.11875 0.0375
0 0.49375 0.34453125 0.1203125 0.034375
0 0.3765625 0.32734375 0.121875 0.0359375