0 0.53359375 0.49453125 0.121875 0.1015625
0 0.3640625 0.43984375 0.1125 0.0984375
0 0.3953125 0.56875 0.11875 0.096875
0 0.30078125 0.475 0.1140625 0.1015625
0 0.4671875 0.5375 0.1109375 0.0921875
0 0.48984375 0.44375 0.1171875 0.1015625
0 0.4375 0.3984375 0.1296875 0.1125
0 0.52734375 0.421875 0.06875 0.0765625
0 0.346875 0.52421875 0.109375 0.09375
0 0.5484375 0.403125 0.0453125 0.0625
0 0.41875 0.4875 0.10625 0.090625
0 0.56953125 0.46484375 0.0640625 0.078125
0 0.578125 0.4515625 0.0453125 0.0578125