0 0.59140625 0.60234375 0.071875 0.059375
0 0.5140625 0.55078125 0.0765625 0.0578125
0 0.44296875 0.5546875 0.0765625 0.059375
0 0.58359375 0.5484375 0.0734375 0.059375
0 0.5921875 0.65546875 0.0734375 0.0625
0 0.45078125 0.66484375 0.078125 0.0671875
0 0.52265625 0.60546875 0.075 0.0609375
0 0.52421875 0.6609375 0.075 0.0625
0 0.4 0.6546875 0.01875 0.053125
0 0.40390625 0.6046875 0.025 0.059375
0 0.45390625 0.609375 0.075 0.0609375
0 0.409375 0.66171875 0.0171875 0.0546875
0 0.390625 0.64921875 0.0171875 0.0515625
0 0.38984375 0.5984375 0.01875 0.053125