0 0.5875 0.60546875 0.0703125 0.05703125
0 0.5125 0.5515625 0.07421875 0.05546875
0 0.44140625 0.55234375 0.075 0.05703125
0 0.58203125 0.5515625 0.071875 0.05625
0 0.58671875 0.65859375 0.071875 0.06015625
0 0.4453125 0.66328125 0.0765625 0.0640625
0 0.51875 0.60625 0.07265625 0.05859375
0 0.51875 0.66171875 0.07265625 0.059375
0 0.39453125 0.65078125 0.0171875 0.053125
0 0.4 0.6015625 0.0234375 0.05859375
0 0.45 0.6078125 0.07265625 0.0578125
0 0.40390625 0.65859375 0.015625 0.0546875
0 0.38515625 0.6453125 0.015625 0.05078125
0 0.38671875 0.59453125 0.0171875 0.05234375