0 0.515625 0.415625 0.1140625 0.07890625
0 0.4265625 0.4390625 0.12109375 0.0859375
0 0.59140625 0.55703125 0.11640625 0.0875
0 0.6015625 0.4 0.11953125 0.08671875
0 0.6421875 0.46171875 0.10703125 0.08203125
0 0.67421875 0.53046875 0.1265625 0.09296875
0 0.45234375 0.51328125 0.11796875 0.09453125
0 0.49375 0.58046875 0.13046875 0.0984375
0 0.37421875 0.4609375 0.05078125 0.0859375
0 0.4375 0.60546875 0.06484375 0.08125
0 0.54921875 0.4859375 0.11015625 0.08359375
0 0.36328125 0.5046875 0.03671875 0.065625
0 0.39921875 0.54921875 0.04921875 0.0796875