0 0.5265625 0.24296875 0.121875 0.07890625
0 0.3 0.28125 0.13046875 0.0875
0 0.51015625 0.35546875 0.1359375 0.11328125
0 0.35859375 0.3328125 0.12890625 0.08828125
0 0.37578125 0.23671875 0.1203125 0.07890625
0 0.53828125 0.44375 0.07265625 0.05859375
0 0.46953125 0.4796875 0.07734375 0.05703125
0 0.60703125 0.3734375 0.0765625 0.0671875
0 0.45703125 0.2015625 0.1265625 0.08125
0 0.4578125 0.45703125 0.08359375 0.0609375
0 0.425 0.3984375 0.14921875 0.12421875
0 0.58046875 0.3015625 0.13828125 0.1015625
0 0.53203125 0.41328125 0.0765625 0.0625
0 0.609375 0.3390625 0.0859375 0.08515625
0 0.59765625 0.409375 0.06953125 0.059375
0 0.44375 0.2890625 0.11953125 0.078125
0 0.3046875 0.31875 0.1390625 0.15859375
0 0.3484375 0.39375 0.0984375 0.12421875
0 0.39921875 0.453125 0.05078125 0.05859375
0 0.30625 0.36953125 0.05078125 0.07421875
0 0.28125 0.34453125 0.06796875 0.09921875