0 0.553125 0.246875 0.1296875 0.090625
0 0.32421875 0.26171875 0.1390625 0.1
0 0.525 0.35703125 0.146875 0.1265625
0 0.3765625 0.31875 0.1375 0.1015625
0 0.40390625 0.225 0.128125 0.090625
0 0.54375 0.4484375 0.078125 0.065625
0 0.471875 0.4765625 0.0828125 0.0640625
0 0.61953125 0.38515625 0.0828125 0.075
0 0.48828125 0.1984375 0.134375 0.09375
0 0.4625 0.453125 0.0890625 0.06875
0 0.4359375 0.39140625 0.1609375 0.1390625
0 0.60078125 0.3109375 0.1484375 0.115625
0 0.540625 0.4171875 0.0828125 0.0703125
0 0.62578125 0.3515625 0.09375 0.09375
0 0.60625 0.4203125 0.075 0.065625
0 0.46640625 0.284375 0.1265625 0.090625
0 0.325 0.29921875 0.1546875 0.171875
0 0.36015625 0.378125 0.1109375 0.134375
0 0.4046875 0.44296875 0.05625 0.0640625
0 0.32109375 0.35 0.0578125 0.0796875
0 0.2984375 0.32265625 0.078125 0.10625