0 0.36015625 0.403125 0.0703125 0.059375
0 0.43203125 0.42734375 0.0703125 0.059375
0 0.30546875 0.41796875 0.0671875 0.05625
0 0.33125 0.5015625 0.0703125 0.059375
0 0.41484375 0.38671875 0.0671875 0.059375
0 0.31875 0.459375 0.06875 0.0578125
0 0.37578125 0.4453125 0.06875 0.0578125
0 0.4453125 0.47109375 0.0796875 0.065625
0 0.3875 0.48828125 0.0703125 0.059375
0 0.48515625 0.43671875 0.0234375 0.046875
0 0.47578125 0.3953125 0.0234375 0.040625
0 0.48125 0.46796875 0.0375 0.05625
0 0.46328125 0.384375 0.0328125 0.0515625