0 0.159375 0.5796875 0.146875 0.1203125
0 0.2296875 0.46484375 0.1609375 0.1328125
0 0.3203125 0.61875 0.140625 0.1140625
0 0.21328125 0.64921875 0.1421875 0.1140625
0 0.4296875 0.58359375 0.14375 0.121875
0 0.34375 0.425 0.15625 0.134375
0 0.13125 0.5046875 0.1359375 0.1125
0 0.440625 0.38046875 0.075 0.1078125
0 0.2734375 0.54609375 0.1484375 0.121875
0 0.44453125 0.484375 0.0671875 0.10625
0 0.3875 0.5046875 0.1546875 0.13125
0 0.4765625 0.43359375 0.05 0.0859375
0 0.4109375 0.4 0.071875 0.1046875
0 0.46640625 0.4578125 0.0625 0.09375