0 0.328125 0.7015625 0.12265625 0.1046875
0 0.259375 0.7078125 0.103125 0.09375
0 0.54453125 0.64765625 0.05625 0.08828125
0 0.425 0.69453125 0.15625 0.115625
0 0.565625 0.5828125 0.04375 0.07734375
0 0.3 0.55859375 0.09765625 0.071875
0 0.4578125 0.615625 0.13671875 0.0984375
0 0.4921875 0.71953125 0.12890625 0.1
0 0.26953125 0.63125 0.08671875 0.078125
0 0.3875 0.54609375 0.0984375 0.06953125
0 0.59296875 0.61015625 0.034375 0.07109375
0 0.553125 0.73359375 0.1328125 0.10078125
0 0.5296875 0.55703125 0.06171875 0.09609375
0 0.5859375 0.73515625 0.0625 0.096875
0 0.475 0.54609375 0.11015625 0.08046875
0 0.59140625 0.66640625 0.0453125 0.08125
0 0.278125 0.74609375 0.12109375 0.01875
0 0.496875 0.61953125 0.06953125 0.0984375
0 0.35 0.6109375 0.0703125 0.06640625