0 0.615625 0.50234375 0.1234375 0.1125
0 0.60625 0.35390625 0.10546875 0.06640625
0 0.3890625 0.5125 0.125 0.1046875
0 0.39296875 0.42578125 0.1140625 0.0765625
0 0.6125 0.4171875 0.11015625 0.071875
0 0.40078125 0.36015625 0.10703125 0.06640625
0 0.50390625 0.35625 0.10625 0.06328125
0 0.49921875 0.50625 0.11796875 0.10546875
0 0.40859375 0.58125 0.1140625 0.03828125
0 0.51484375 0.60078125 0.0953125 0.028125
0 0.6140625 0.57265625 0.10546875 0.03515625
0 0.51015625 0.5734375 0.10390625 0.034375
0 0.49921875 0.54375 0.115625 0.0375
0 0.61171875 0.5984375 0.09453125 0.02890625
0 0.42109375 0.60078125 0.1046875 0.0265625
0 0.5015625 0.41875 0.10703125 0.06171875