0 0.62890625 0.42578125 0.04765625 0.034375
0 0.63125 0.4859375 0.03984375 0.03359375
0 0.5828125 0.484375 0.03046875 0.03203125
0 0.66640625 0.4578125 0.0421875 0.03359375
0 0.70703125 0.43359375 0.04375 0.034375
0 0.62109375 0.45546875 0.05 0.03515625
0 0.7015625 0.4921875 0.0390625 0.0328125
0 0.66953125 0.42734375 0.04140625 0.0328125
0 0.6671875 0.4875 0.0375 0.03203125
0 0.7046875 0.46328125 0.040625 0.03203125
0 0.59296875 0.42734375 0.02109375 0.03046875
0 0.60546875 0.484375 0.021875 0.03125
0 0.609375 0.4234375 0.040625 0.0296875