0 0.5984375 0.49453125 0.10703125 0.07734375
0 0.52265625 0.57890625 0.11640625 0.084375
0 0.64765625 0.63828125 0.11484375 0.08671875
0 0.7359375 0.6234375 0.11640625 0.0921875
0 0.5515625 0.6515625 0.121875 0.0984375
0 0.6859375 0.48515625 0.1109375 0.08125
0 0.50859375 0.51015625 0.11796875 0.0859375
0 0.44453125 0.559375 0.03671875 0.0640625
0 0.62109375 0.5640625 0.1046875 0.078125
0 0.715625 0.55 0.11328125 0.08359375
0 0.5 0.659375 0.03828125 0.07578125
0 0.45390625 0.53359375 0.03046875 0.06484375
0 0.46640625 0.6125 0.025 0.04921875
0 0.47890625 0.58828125 0.03515625 0.0734375
0 0.47734375 0.640625 0.04609375 0.10625