0 0.52421875 0.51875 0.08203125 0.0609375
0 0.36484375 0.5765625 0.0875 0.06171875
0 0.446875 0.51875 0.0859375 0.06484375
0 0.44140625 0.4515625 0.08671875 0.07734375
0 0.52109375 0.45546875 0.0890625 0.075
0 0.521875 0.575 0.08203125 0.0578125
0 0.359375 0.4484375 0.08671875 0.07890625
0 0.44375 0.57578125 0.08203125 0.05703125
0 0.3671875 0.51875 0.08828125 0.06171875
0 0.43671875 0.41015625 0.07265625 0.01171875
0 0.36328125 0.4140625 0.07578125 0.01328125
0 0.51328125 0.41875 0.0765625 0.0125
0 0.36640625 0.40625 0.06875 0.01171875