0 0.15 0.49453125 0.128125 0.0921875
0 0.24609375 0.40078125 0.140625 0.1015625
0 0.296875 0.571875 0.1234375 0.08671875
0 0.1859375 0.57578125 0.12578125 0.0859375
0 0.41171875 0.5640625 0.125 0.09375
0 0.36640625 0.3890625 0.13515625 0.10546875
0 0.140625 0.415625 0.11796875 0.0859375
0 0.47109375 0.36953125 0.053125 0.0984375
0 0.26875 0.48984375 0.12890625 0.09375
0 0.45 0.47109375 0.0453125 0.09765625
0 0.38984375 0.47734375 0.134375 0.10234375
0 0.49375 0.4296875 0.03203125 0.08046875
0 0.4375 0.38125 0.05 0.0953125
0 0.47734375 0.45078125 0.0421875 0.0859375