0 0.5421875 0.6390625 0.1359375 0.1125
0 0.44609375 0.61796875 0.1265625 0.109375
0 0.50390625 0.4828125 0.115625 0.0890625
0 0.35 0.59921875 0.1296875 0.1125
0 0.59296875 0.50078125 0.1203125 0.0921875
0 0.37578125 0.525 0.125 0.0953125
0 0.56953125 0.56875 0.11875 0.096875
0 0.40625 0.4640625 0.125 0.090625
0 0.47421875 0.54609375 0.115625 0.0953125
0 0.4078125 0.6703125 0.0890625 0.0328125
0 0.33515625 0.515625 0.0578125 0.08125
0 0.45546875 0.67421875 0.1046875 0.0375
0 0.30859375 0.578125 0.046875 0.075
0 0.559375 0.671875 0.1375 0.1015625
0 0.64921875 0.540625 0.0390625 0.0828125