0 0.45 0.51484375 0.10625 0.06875
0 0.44609375 0.5703125 0.1015625 0.059375
0 0.6546875 0.3765625 0.1078125 0.046875
0 0.63515625 0.5796875 0.1046875 0.0578125
0 0.553125 0.33515625 0.096875 0.0390625
0 0.44609375 0.42890625 0.1203125 0.115625
0 0.540625 0.575 0.1 0.059375
0 0.54921875 0.51875 0.1078125 0.0703125
0 0.6453125 0.3421875 0.1 0.040625
0 0.5515625 0.43828125 0.1203125 0.1140625
0 0.65859375 0.44609375 0.128125 0.121875
0 0.5515625 0.36875 0.1046875 0.046875
0 0.46171875 0.3296875 0.096875 0.040625
0 0.5546875 0.403125 0.1140625 0.046875
0 0.65234375 0.525 0.1125 0.06875
0 0.4515625 0.359375 0.109375 0.046875
0 0.44765625 0.3953125 0.1140625 0.053125
0 0.659375 0.41640625 0.1203125 0.053125