0 0.546875 0.5203125 0.103125 0.0921875
0 0.5875 0.67109375 0.1046875 0.0953125
0 0.70234375 0.6359375 0.128125 0.1046875
0 0.62578125 0.540625 0.10625 0.0953125
0 0.68125 0.69921875 0.1296875 0.1109375
0 0.71484375 0.56796875 0.115625 0.1015625
0 0.51328125 0.64375 0.0984375 0.0921875
0 0.775 0.640625 0.0359375 0.0671875
0 0.79140625 0.584375 0.0375 0.065625
0 0.76015625 0.640625 0.0375 0.071875
0 0.78125 0.58203125 0.0390625 0.06875
0 0.52890625 0.5828125 0.1 0.090625
0 0.7453125 0.7046875 0.0359375 0.0703125