0 0.57578125 0.85390625 0.11875 0.109375
0 0.38046875 0.88671875 0.128125 0.1109375
0 0.371875 0.809375 0.1265625 0.109375
0 0.57421875 0.775 0.1109375 0.103125
0 0.34453125 0.7140625 0.1515625 0.1375
0 0.46171875 0.70390625 0.13125 0.1140625
0 0.48046875 0.871875 0.11875 0.103125
0 0.5546875 0.69609375 0.1265625 0.1125
0 0.3 0.79375 0.0734375 0.1265625
0 0.26875 0.7484375 0.053125 0.0984375
0 0.46953125 0.6328125 0.0921875 0.0359375
0 0.2609375 0.68828125 0.05 0.0875
0 0.2796875 0.7046875 0.0546875 0.090625
0 0.4125 0.65 0.0953125 0.0421875
0 0.4734375 0.79296875 0.1296875 0.1125
0 0.29375 0.7703125 0.059375 0.090625
0 0.30234375 0.71640625 0.0640625 0.1046875
0 0.4421875 0.66328125 0.1015625 0.04375