0 0.42578125 0.35390625 0.08125 0.059375
0 0.546875 0.421875 0.0828125 0.0609375
0 0.409375 0.3984375 0.0828125 0.059375
0 0.39765625 0.453125 0.0875 0.0796875
0 0.534375 0.475 0.0859375 0.0765625
0 0.46484375 0.465625 0.0859375 0.078125
0 0.559375 0.37578125 0.0796875 0.05625
0 0.4921875 0.36328125 0.078125 0.0546875
0 0.478125 0.409375 0.08125 0.059375
0 0.4609375 0.521875 0.065625 0.025
0 0.3953125 0.49609375 0.0671875 0.028125
0 0.40234375 0.51171875 0.065625 0.025
0 0.52578125 0.5234375 0.0734375 0.0421875
0 0.4609375 0.50625 0.06875 0.0265625