0 0.565625 0.6296875 0.12109375 0.0921875
0 0.4671875 0.62578125 0.1125 0.090625
0 0.50078125 0.48203125 0.10546875 0.07109375
0 0.36953125 0.6234375 0.11484375 0.09453125
0 0.59140625 0.484375 0.109375 0.07421875
0 0.38203125 0.54609375 0.11328125 0.0765625
0 0.58046875 0.55546875 0.10703125 0.0796875
0 0.4015625 0.48125 0.1140625 0.07265625
0 0.4828125 0.55 0.103125 0.078125
0 0.4390625 0.68359375 0.0875 0.0171875
0 0.340625 0.54375 0.04609375 0.07421875
0 0.48671875 0.67890625 0.103125 0.01953125
0 0.325 0.61015625 0.03515625 0.06953125
0 0.58828125 0.65859375 0.125 0.08125
0 0.65390625 0.5140625 0.02578125 0.0796875