0 0.534375 0.4921875 0.11875 0.09453125
0 0.55078125 0.6609375 0.1125 0.0828125
0 0.4921875 0.559375 0.12578125 0.09296875
0 0.6265625 0.51796875 0.115625 0.08828125
0 0.68125 0.61796875 0.10859375 0.084375
0 0.4625 0.634375 0.125 0.09453125
0 0.709375 0.5453125 0.11484375 0.0890625
0 0.63828125 0.68046875 0.11875 0.0875
0 0.45703125 0.47265625 0.05703125 0.0671875
0 0.43828125 0.53046875 0.03671875 0.05625
0 0.453125 0.54921875 0.0546875 0.07734375
0 0.47890625 0.4796875 0.0609375 0.07421875
0 0.41484375 0.61796875 0.05078125 0.0859375
0 0.4234375 0.51171875 0.03359375 0.03984375
0 0.59296875 0.5890625 0.11171875 0.090625