0 0.31875 0.66015625 0.090625 0.0828125
0 0.38203125 0.6390625 0.090625 0.0796875
0 0.3609375 0.534375 0.0828125 0.0703125
0 0.4234375 0.51328125 0.084375 0.0734375
0 0.453125 0.6171875 0.103125 0.0890625
0 0.3 0.55625 0.08125 0.06875
0 0.44453125 0.56171875 0.09375 0.0796875
0 0.309375 0.60625 0.0828125 0.071875
0 0.496875 0.521875 0.0421875 0.06875
0 0.51484375 0.621875 0.040625 0.065625
0 0.5046875 0.6265625 0.0921875 0.084375
0 0.375 0.58515625 0.0875 0.0765625
0 0.5140625 0.53203125 0.0359375 0.0609375
0 0.52578125 0.5765625 0.03125 0.0578125
0 0.534375 0.62109375 0.0390625 0.0640625
0 0.47890625 0.62421875 0.1109375 0.09375
0 0.48125 0.55546875 0.040625 0.0734375