0 0.44921875 0.50625 0.09140625 0.08046875
0 0.3671875 0.503125 0.0984375 0.084375
0 0.53515625 0.51015625 0.0921875 0.0796875
0 0.44765625 0.57265625 0.090625 0.06484375
0 0.52734375 0.628125 0.08671875 0.05625
0 0.44765625 0.62734375 0.08203125 0.05546875
0 0.365625 0.57109375 0.08515625 0.06015625
0 0.53125 0.57421875 0.08828125 0.0625
0 0.45234375 0.440625 0.0734375 0.015625
0 0.3671875 0.62421875 0.0859375 0.05703125
0 0.37109375 0.4578125 0.084375 0.0203125
0 0.52578125 0.4421875 0.07578125 0.01953125
0 0.5296875 0.45859375 0.078125 0.02265625
0 0.3796875 0.44375 0.0796875 0.02109375
0 0.534375 0.4796875 0.084375 0.02734375
0 0.36796875 0.4734375 0.09140625 0.02421875