0 0.62421875 0.70703125 0.0984375 0.0859375
0 0.5359375 0.79921875 0.11328125 0.09140625
0 0.4890625 0.6390625 0.10859375 0.08515625
0 0.63046875 0.7875 0.10703125 0.0921875
0 0.5859375 0.6328125 0.10859375 0.084375
0 0.390625 0.646875 0.109375 0.0859375
0 0.42421875 0.725 0.1203125 0.09453125
0 0.42421875 0.80625 0.13046875 0.09765625
0 0.52890625 0.715625 0.10546875 0.08828125
0 0.3671875 0.725 0.03125 0.08125
0 0.33984375 0.7921875 0.02109375 0.08125
0 0.3546875 0.79921875 0.02109375 0.08203125