0 0.5125 0.334375 0.075 0.05
0 0.38984375 0.33125 0.071875 0.0515625
0 0.390625 0.371875 0.0703125 0.0515625
0 0.51796875 0.37421875 0.071875 0.053125
0 0.39375 0.415625 0.075 0.0578125
0 0.45546875 0.37421875 0.0796875 0.05625
0 0.5203125 0.4265625 0.0765625 0.0734375
0 0.46015625 0.4203125 0.078125 0.0625
0 0.4 0.4671875 0.065625 0.0328125
0 0.5171875 0.4875 0.0609375 0.0265625
0 0.46015625 0.4859375 0.0609375 0.0265625
0 0.52109375 0.46796875 0.0625 0.0296875
0 0.45234375 0.33125 0.0703125 0.04375