0 0.540625 0.48515625 0.05234375 0.0375
0 0.5421875 0.453125 0.046875 0.03515625
0 0.540625 0.42109375 0.05 0.03671875
0 0.44921875 0.490625 0.05078125 0.034375
0 0.4453125 0.42734375 0.05 0.0375
0 0.4484375 0.459375 0.05 0.03515625
0 0.4953125 0.4890625 0.04921875 0.03359375
0 0.5328125 0.38515625 0.04921875 0.01640625
0 0.49609375 0.45859375 0.04921875 0.03515625
0 0.4375 0.39375 0.0484375 0.0234375
0 0.440625 0.40390625 0.04921875 0.02109375
0 0.43515625 0.38046875 0.04375 0.0171875
0 0.490625 0.403125 0.05078125 0.01796875
0 0.48515625 0.3890625 0.046875 0.01640625
0 0.5359375 0.3984375 0.05 0.0171875
0 0.49375 0.42421875 0.05 0.03828125
0 0.47890625 0.37578125 0.04765625 0.01796875
0 0.52421875 0.3734375 0.046875 0.0171875