0 0.55390625 0.45 0.1171875 0.1015625
0 0.584375 0.5625 0.115625 0.1046875
0 0.36796875 0.5484375 0.1578125 0.1265625
0 0.53359375 0.6265625 0.134375 0.1203125
0 0.41484375 0.47578125 0.1390625 0.1125
0 0.45234375 0.5921875 0.1328125 0.1140625
0 0.29140625 0.5625 0.146875 0.1109375
0 0.34375 0.4765625 0.0859375 0.065625
0 0.45234375 0.65859375 0.103125 0.0578125
0 0.5046875 0.5171875 0.115625 0.0984375
0 0.6203125 0.4953125 0.11875 0.109375
0 0.471875 0.4171875 0.1265625 0.109375
0 0.36640625 0.46640625 0.1015625 0.078125
0 0.3140625 0.53203125 0.0859375 0.0703125
0 0.3765625 0.6265625 0.128125 0.071875
0 0.30859375 0.490625 0.0765625 0.0578125
0 0.36015625 0.4328125 0.071875 0.0546875
0 0.41328125 0.6578125 0.08125 0.0484375
0 0.4328125 0.64296875 0.196875 0.1109375
0 0.48671875 0.65078125 0.1359375 0.0828125
0 0.39453125 0.4140625 0.1015625 0.071875