0 0.34296875 0.6078125 0.1046875 0.07421875
0 0.33984375 0.5375 0.10859375 0.08515625
0 0.4453125 0.66640625 0.096875 0.06640625
0 0.534375 0.65546875 0.0953125 0.06953125
0 0.3515625 0.67265625 0.0984375 0.07109375
0 0.4375 0.60390625 0.1 0.07109375
0 0.528125 0.5125 0.11640625 0.11015625
0 0.49921875 0.453125 0.0921875 0.01953125
0 0.42578125 0.4734375 0.0953125 0.02734375
0 0.3359375 0.45390625 0.09296875 0.021875
0 0.5328125 0.59453125 0.09765625 0.071875
0 0.41796875 0.4515625 0.09375 0.0234375
0 0.334375 0.47265625 0.090625 0.025
0 0.43828125 0.53984375 0.1046875 0.07265625