0 0.615625 0.6484375 0.096875 0.0953125
0 0.6234375 0.56484375 0.09609375 0.09609375
0 0.603125 0.73359375 0.10546875 0.1015625
0 0.50625 0.728125 0.1203125 0.10625
0 0.31875 0.7078125 0.0734375 0.1046875
0 0.32265625 0.53046875 0.05234375 0.0828125
0 0.2390625 0.6984375 0.05859375 0.08671875
0 0.396875 0.7140625 0.13125 0.11484375
0 0.30390625 0.6125 0.06015625 0.090625
0 0.43671875 0.5296875 0.12109375 0.10703125
0 0.3953125 0.61484375 0.1578125 0.1078125
0 0.271875 0.69765625 0.06640625 0.09453125
0 0.53671875 0.54453125 0.10546875 0.09296875
0 0.284375 0.54296875 0.05546875 0.0765625
0 0.5203125 0.63359375 0.11015625 0.09609375
0 0.26015625 0.61796875 0.059375 0.084375
0 0.36328125 0.52578125 0.06875 0.096875
0 0.34375 0.61171875 0.0640625 0.09765625