0 0.55 0.57890625 0.04296875 0.03515625
0 0.53203125 0.6140625 0.03125 0.02578125
0 0.54296875 0.6 0.03515625 0.0265625
0 0.50703125 0.60390625 0.0265625 0.02265625
0 0.521875 0.56953125 0.03828125 0.0328125
0 0.56640625 0.56171875 0.034375 0.021875
0 0.48828125 0.578125 0.0265625 0.021875
0 0.57578125 0.55078125 0.0375 0.0234375
0 0.52890625 0.53046875 0.03359375 0.0203125
0 0.5546875 0.53828125 0.0328125 0.0203125
0 0.5390625 0.5515625 0.03125 0.01953125
0 0.48515625 0.5921875 0.02578125 0.0203125
0 0.51171875 0.58984375 0.0265625 0.02421875
0 0.5125 0.54140625 0.03359375 0.0203125
0 0.57578125 0.5859375 0.01875 0.02734375
0 0.50078125 0.553125 0.0359375 0.0234375
0 0.584375 0.5671875 0.01953125 0.0234375
0 0.4921875 0.56484375 0.028125 0.02421875
0 0.56953125 0.575 0.02890625 0.0265625
0 0.5625 0.60078125 0.01875 0.02578125
0 0.5796875 0.58046875 0.01796875 0.02421875
0 0.54765625 0.6125 0.0359375 0.03046875