0 0.43046875 0.3 0.09140625 0.0546875
0 0.49765625 0.31640625 0.090625 0.05390625
0 0.55859375 0.33828125 0.0953125 0.0609375
0 0.4890625 0.43125 0.10859375 0.0921875
0 0.35625 0.390625 0.103125 0.09296875
0 0.42109375 0.490625 0.06484375 0.0421875
0 0.390625 0.33359375 0.09375 0.05546875
0 0.45859375 0.35625 0.08671875 0.053125
0 0.53046875 0.39296875 0.09296875 0.084375
0 0.415625 0.4609375 0.06875 0.04375
0 0.49296875 0.4734375 0.096875 0.0640625
0 0.353125 0.44140625 0.06875 0.04609375
0 0.3640625 0.471875 0.065625 0.0421875
0 0.584375 0.39296875 0.03046875 0.0609375
0 0.4171875 0.40859375 0.10234375 0.0875
0 0.553125 0.46484375 0.0328125 0.05859375
0 0.48828125 0.50703125 0.0828125 0.04921875
0 0.58046875 0.425 0.02734375 0.05390625
0 0.5546875 0.4390625 0.0328125 0.05546875
0 0.40703125 0.42890625 0.07578125 0.05390625
0 0.58671875 0.3671875 0.03671875 0.06328125