0 0.45078125 0.5171875 0.103125 0.0640625
0 0.45 0.57265625 0.0984375 0.0546875
0 0.64765625 0.36875 0.10625 0.040625
0 0.6390625 0.57265625 0.10234375 0.053125
0 0.54453125 0.3328125 0.09453125 0.034375
0 0.4421875 0.43203125 0.11484375 0.109375
0 0.54453125 0.57265625 0.09765625 0.05390625
0 0.55 0.51640625 0.1046875 0.06484375
0 0.63671875 0.33515625 0.0984375 0.0359375
0 0.5484375 0.4359375 0.11484375 0.10859375
0 0.65546875 0.4375 0.12265625 0.115625
0 0.54453125 0.36640625 0.103125 0.0421875
0 0.453125 0.33203125 0.0953125 0.03515625
0 0.54921875 0.40078125 0.1125 0.040625
0 0.653125 0.5171875 0.11015625 0.0625
0 0.44453125 0.36171875 0.10703125 0.04140625
0 0.4421875 0.3984375 0.11171875 0.046875
0 0.6546875 0.4078125 0.11796875 0.046875