0 0.50703125 0.69765625 0.109375 0.0984375
0 0.41484375 0.7015625 0.109375 0.0953125
0 0.4203125 0.5546875 0.109375 0.0921875
0 0.32734375 0.634375 0.1046875 0.090625
0 0.32890625 0.5640625 0.1078125 0.0921875
0 0.328125 0.70625 0.10625 0.0953125
0 0.51171875 0.55 0.115625 0.096875
0 0.41875 0.62734375 0.109375 0.0921875
0 0.559375 0.6140625 0.0453125 0.084375
0 0.51171875 0.62421875 0.1125 0.0953125
0 0.58203125 0.6015625 0.0421875 0.078125
0 0.56328125 0.67890625 0.046875 0.0875
0 0.5796875 0.53828125 0.0375 0.071875
0 0.59296875 0.65859375 0.0296875 0.06875
0 0.5796875 0.6703125 0.0359375 0.0734375