0 0.47265625 0.3109375 0.190625 0.1390625
0 0.59140625 0.34453125 0.1765625 0.1296875
0 0.31640625 0.46875 0.2 0.15
0 0.39140625 0.3828125 0.18125 0.1328125
0 0.5546875 0.57421875 0.21875 0.190625
0 0.51484375 0.43125 0.171875 0.1265625
0 0.640625 0.48671875 0.1859375 0.15625
0 0.70078125 0.3953125 0.1921875 0.146875
0 0.43125 0.53515625 0.1953125 0.175
0 0.5484375 0.665625 0.190625 0.1390625
0 0.29609375 0.58203125 0.1171875 0.128125
0 0.40625 0.64765625 0.1046875 0.0921875
0 0.665625 0.56328125 0.09375 0.103125
0 0.7375 0.478125 0.1 0.1109375
0 0.51015625 0.65546875 0.1109375 0.09375
0 0.5046875 0.68359375 0.109375 0.0984375
0 0.4 0.61015625 0.1234375 0.1109375
0 0.6890625 0.56171875 0.15625 0.165625
0 0.72421875 0.51875 0.090625 0.1
0 0.6609375 0.5921875 0.08125 0.0953125