0 0.47734375 0.4015625 0.040625 0.0296875
0 0.4375 0.37578125 0.0375 0.0296875
0 0.475 0.37578125 0.0390625 0.0296875
0 0.47578125 0.3578125 0.0375 0.0125
0 0.5109375 0.4265625 0.040625 0.0296875
0 0.5125 0.375 0.0390625 0.0296875
0 0.4390625 0.42734375 0.0390625 0.0296875
0 0.4390625 0.4015625 0.0375 0.028125
0 0.5140625 0.40078125 0.0375 0.0296875
0 0.47421875 0.42734375 0.040625 0.028125
0 0.4390625 0.359375 0.034375 0.0125
0 0.44375 0.34140625 0.0359375 0.0125
0 0.43984375 0.34921875 0.034375 0.0109375
0 0.5140625 0.3421875 0.0375 0.0109375
0 0.4796875 0.340625 0.0375 0.0109375
0 0.51328125 0.35546875 0.0375 0.0125
0 0.475 0.35 0.0375 0.0125