0 0.4453125 0.46328125 0.0984375 0.0765625
0 0.53828125 0.51953125 0.103125 0.0890625
0 0.50625 0.40703125 0.0921875 0.06875
0 0.603125 0.5171875 0.109375 0.1015625
0 0.43671875 0.41328125 0.103125 0.078125
0 0.57421875 0.4046875 0.0953125 0.0734375
0 0.46171875 0.52890625 0.109375 0.1046875
0 0.59453125 0.45390625 0.1 0.075
0 0.5453125 0.56875 0.0609375 0.0375
0 0.5203125 0.459375 0.0921875 0.0703125
0 0.4828125 0.5796875 0.071875 0.04375
0 0.53515625 0.55703125 0.0734375 0.0390625
0 0.4671875 0.56171875 0.0796875 0.04375
0 0.540625 0.5453125 0.0796875 0.0453125