0 0.3890625 0.375 0.1296875 0.1
0 0.55234375 0.28671875 0.121875 0.0921875
0 0.33984375 0.3265625 0.125 0.0953125
0 0.49609375 0.246875 0.1265625 0.0953125
0 0.415625 0.28359375 0.1234375 0.09375
0 0.53125 0.39296875 0.1359375 0.11875
0 0.61640625 0.40625 0.0890625 0.0625
0 0.4703125 0.4921875 0.0984375 0.071875
0 0.4453125 0.43515625 0.1515625 0.1328125
0 0.5984375 0.34921875 0.1390625 0.125
0 0.54453125 0.44609375 0.0875 0.0609375
0 0.6078125 0.43359375 0.0796875 0.05625
0 0.54453125 0.4703125 0.078125 0.0546875
0 0.47265625 0.33203125 0.1203125 0.090625
0 0.36484375 0.415625 0.075 0.1125
0 0.38828125 0.453125 0.075 0.10625
0 0.61796875 0.378125 0.1046875 0.0796875
0 0.3328125 0.39296875 0.053125 0.0859375
0 0.41484375 0.48203125 0.046875 0.06875
0 0.48046875 0.50390625 0.084375 0.05625