0 0.48046875 0.40078125 0.0390625 0.028125
0 0.4421875 0.3734375 0.0359375 0.028125
0 0.4796875 0.375 0.03828125 0.028125
0 0.48046875 0.35703125 0.03671875 0.0109375
0 0.51328125 0.42734375 0.0390625 0.028125
0 0.5171875 0.37578125 0.03828125 0.02890625
0 0.44140625 0.425 0.03828125 0.028125
0 0.4421875 0.39921875 0.03671875 0.02734375
0 0.5171875 0.4015625 0.03671875 0.028125
0 0.4765625 0.4265625 0.0390625 0.0265625
0 0.44375 0.35703125 0.034375 0.0109375
0 0.44921875 0.33984375 0.0359375 0.0109375
0 0.4453125 0.346875 0.03359375 0.01015625
0 0.51953125 0.34296875 0.03671875 0.01015625
0 0.48515625 0.33984375 0.03671875 0.01015625
0 0.51796875 0.35625 0.03671875 0.01171875
0 0.48046875 0.34921875 0.03671875 0.0109375