0 0.53046875 0.38671875 0.07890625 0.0515625
0 0.384375 0.4203125 0.07421875 0.0515625
0 0.5234375 0.4328125 0.0734375 0.053125
0 0.51328125 0.48359375 0.08046875 0.065625
0 0.3984375 0.37734375 0.07578125 0.05
0 0.44453125 0.48046875 0.07890625 0.0671875
0 0.378125 0.46953125 0.07890625 0.06171875
0 0.46328125 0.38046875 0.0734375 0.04765625
0 0.45546875 0.42578125 0.071875 0.05078125
0 0.4515625 0.5359375 0.06171875 0.01875
0 0.38984375 0.53046875 0.06484375 0.02109375
0 0.50859375 0.53828125 0.05859375 0.01953125