0 0.415625 0.359375 0.078125 0.05390625
0 0.54140625 0.41875 0.07890625 0.05546875
0 0.40234375 0.4046875 0.0796875 0.05390625
0 0.39453125 0.46015625 0.0828125 0.07421875
0 0.5328125 0.47265625 0.08125 0.07109375
0 0.4625 0.46796875 0.08125 0.07265625
0 0.55078125 0.371875 0.0765625 0.0515625
0 0.4828125 0.3640625 0.07421875 0.04921875
0 0.471875 0.4109375 0.07734375 0.05390625
0 0.4625 0.52421875 0.06484375 0.0203125
0 0.3953125 0.503125 0.06640625 0.0234375
0 0.403125 0.51875 0.0640625 0.02109375
0 0.52734375 0.521875 0.0703125 0.03671875
0 0.46171875 0.50859375 0.0671875 0.021875