0 0.60703125 0.3109375 0.1546875 0.10703125
0 0.46875 0.4765625 0.15390625 0.13125
0 0.50703125 0.346875 0.1484375 0.1
0 0.646875 0.50703125 0.15 0.13046875
0 0.42421875 0.53125 0.0640625 0.08515625
0 0.41015625 0.396875 0.15390625 0.11875
0 0.74296875 0.46171875 0.16171875 0.1421875
0 0.5375 0.54765625 0.16796875 0.14453125
0 0.65390625 0.5703125 0.10390625 0.065625
0 0.73359375 0.559375 0.09765625 0.06328125
0 0.421875 0.56484375 0.0625 0.08515625
0 0.684375 0.371875 0.14921875 0.1
0 0.5296875 0.6265625 0.15859375 0.09453125
0 0.75234375 0.528125 0.109375 0.0703125
0 0.365625 0.475 0.06328125 0.11328125
0 0.559375 0.61953125 0.1015625 0.071875
0 0.57109375 0.4140625 0.15703125 0.11171875
0 0.36171875 0.4328125 0.06328125 0.09765625
0 0.47578125 0.628125 0.05625 0.08125
0 0.64453125 0.6015625 0.09765625 0.0640625
0 0.665625 0.5390625 0.1109375 0.071875
0 0.55703125 0.64140625 0.09921875 0.06484375
0 0.4796875 0.603125 0.0609375 0.08359375
0 0.7640625 0.4984375 0.11953125 0.07890625