0 0.54140625 0.6359375 0.11875 0.0890625
0 0.31953125 0.4578125 0.1328125 0.10625
0 0.32265625 0.63046875 0.128125 0.090625
0 0.43671875 0.465625 0.125 0.1046875
0 0.54921875 0.5578125 0.1203125 0.090625
0 0.55 0.471875 0.125 0.1046875
0 0.43515625 0.634375 0.115625 0.0828125
0 0.32265625 0.5484375 0.128125 0.09375
0 0.4390625 0.55546875 0.121875 0.090625
0 0.54453125 0.428125 0.115625 0.0234375
0 0.440625 0.41171875 0.103125 0.01875
0 0.528125 0.4140625 0.090625 0.0203125
0 0.3359375 0.4015625 0.1078125 0.025